time,6,1,2,3,9,8,7,4,5
1611428178.05237,344,344,351,464,226,226,218,228,226
1611428178.062345,342,330,344,464,224,223,216,226,226
1611428178.07232,343,336,346,464,221,223,215,225,223
1611428178.082553,344,349,360,464,222,223,215,226,223
1611428178.092511,340,345,357,475,221,221,213,223,224
1611428178.102331,344,346,355,475,220,220,212,222,222
1611428178.112306,337,342,357,471,218,219,209,221,221
1611428178.113349,337,338,349,469,218,218,211,221,221
1611428178.118837,336,336,346,458,217,217,210,222,220
1611428178.122447,336,333,344,458,216,218,209,221,221
1611428178.12849,333,332,341,456,215,217,209,221,219
1611428178.134943,325,332,342,458,214,215,208,219,218
1611428178.145245,330,331,337,465,212,214,206,219,218
1611428178.155113,325,341,353,469,209,213,206,218,217
1611428178.164962,320,321,336,453,207,211,205,217,215
1611428178.175116,320,326,349,466,205,209,203,215,213
1611428178.185356,321,326,346,464,204,208,202,214,213
1611428178.195314,317,322,330,444,197,206,202,213,210
1611428178.205424,314,324,335,458,201,200,200,213,208
1611428178.215309,313,322,330,442,200,203,198,211,206
1611428178.225102,322,320,341,447,199,202,197,210,205
1611428178.235164,317,320,327,456,196,200,197,210,203
1611428178.245202,317,330,323,453,194,201,192,208,201
1611428178.254934,311,328,336,447,195,198,195,206,202
1611428178.265092,301,312,318,429,194,199,194,207,198
1611428178.274802,298,309,317,429,191,195,193,205,199
1611428178.285086,296,310,318,426,195,197,193,205,197
1611428178.295219,297,309,315,424,194,198,191,201,197
1611428178.305064,294,305,310,421,194,197,193,203,197
1611428178.315328,296,306,311,424,194,195,189,202,197
1611428178.325319,294,306,311,421,189,197,187,202,195
1611428178.335227,290,301,308,418,190,195,190,200,197
1611428178.346059,291,304,308,416,189,195,189,200,194
1611428178.354797,289,301,303,416,188,195,188,200,196
1611428178.365001,288,301,304,411,188,195,187,197,194
1611428178.374939,285,299,301,408,186,194,189,198,194
1611428178.384732,281,299,301,410,185,193,189,197,192
1611428178.395629,285,296,301,406,184,193,186,197,191
1611428178.405737,280,296,296,397,182,190,186,196,191
1611428178.414944,280,294,296,402,182,191,183,197,190
1611428178.425387,277,294,296,400,180,190,186,196,190
1611428178.43509,273,293,294,395,178,189,186,196,190
1611428178.445088,272,292,293,400,178,186,182,194,187
1611428178.455708,272,293,293,397,177,189,185,194,187
1611428178.465569,269,291,293,394,176,185,184,191,187
1611428178.475303,272,289,290,395,173,187,182,193,186
1611428178.485327,269,290,290,395,174,186,182,193,187
1611428178.495079,270,288,290,395,174,186,185,194,186
1611428178.505503,269,290,288,395,174,186,185,194,186
1611428178.515329,269,290,290,394,173,187,184,194,183
1611428178.525247,270,288,291,397,174,186,185,194,187
1611428178.53518,272,290,291,397,176,187,186,195,187
1611428178.545129,272,289,290,397,174,186,186,195,186
1611428178.555028,266,289,288,394,177,188,185,195,186
1611428178.566233,269,290,288,394,177,188,186,195,186
1611428178.575896,267,289,290,397,177,186,185,195,187
1611428178.58515,273,290,291,397,177,188,186,195,186
1611428178.595184,273,290,289,395,177,187,186,194,187
1611428178.604856,272,290,291,392,177,187,185,196,186
1611428178.615111,272,289,290,392,177,188,186,195,187
1611428178.625659,274,292,290,394,177,187,185,196,186
1611428178.635252,272,293,290,394,174,185,186,194,187
1611428178.645401,272,291,290,394,177,187,186,194,186
1611428178.65516,270,292,288,395,175,186,183,194,186
1611428178.664762,269,293,288,394,174,185,185,194,186
1611428178.674914,269,290,288,394,172,184,185,194,185
1611428178.685645,266,288,288,390,170,185,182,193,184
1611428178.695297,266,289,285,390,170,182,183,193,183
1611428178.705143,263,288,283,389,168,181,182,193,182
1611428178.715074,261,288,282,386,165,179,179,191,182
1611428178.725119,256,288,282,384,162,178,178,190,180
1611428178.735061,242,286,281,366,160,177,178,189,181
1611428178.744913,224,283,280,352,157,176,175,188,178
1611428178.754897,206,283,277,338,155,173,176,187,178
1611428178.765358,193,280,276,325,152,171,176,186,176
1611428178.775255,173,278,272,317,146,172,173,186,175
1611428178.785464,149,279,270,308,138,170,173,185,174
1611428178.794897,125,278,272,309,132,170,173,183,172
1611428178.80523,107,279,269,309,125,168,171,185,169
1611428178.815472,98,278,267,311,122,166,170,185,164
1611428178.82518,93,278,266,317,118,168,171,184,161
1611428178.835066,91,280,266,316,116,168,170,184,156
1611428178.845662,88,280,262,318,115,167,172,185,153
1611428178.855436,86,278,260,321,113,165,171,185,150
1611428178.865354,85,280,260,322,113,165,170,183,147
1611428178.875185,85,281,256,322,112,166,172,183,145
1611428178.885361,86,278,256,325,111,166,171,183,142
1611428178.894965,86,278,251,327,110,165,171,185,141
1611428178.905206,85,279,248,325,110,166,170,182,138
1611428178.915112,86,279,243,323,110,165,171,185,136
1611428178.925362,86,277,241,323,111,165,170,183,134
1611428178.935287,86,274,232,320,110,165,170,184,134
1611428178.94522,87,276,232,320,109,165,170,182,133
1611428178.955239,86,276,226,317,108,164,170,182,131
1611428178.965463,86,274,221,320,109,164,170,182,129
1611428178.975098,86,273,215,317,109,165,169,183,128
1611428178.984847,86,274,210,319,109,165,169,181,126
1611428178.995154,86,273,203,311,109,164,169,182,127
1611428179.005099,87,273,197,309,109,164,169,182,126
1611428179.015202,86,273,190,302,110,165,169,182,126
1611428179.02524,88,273,182,298,110,165,170,182,129
1611428179.035135,87,273,179,293,112,164,169,182,128
1611428179.045159,88,273,170,283,112,164,170,182,132
1611428179.055279,88,273,161,282,114,164,170,182,132
1611428179.06505,88,274,157,279,115,164,169,183,134
1611428179.074976,88,274,147,272,115,164,170,182,134
1611428179.084991,89,274,141,269,114,164,170,183,137
1611428179.095135,88,273,132,266,116,164,169,182,137
1611428179.105159,85,276,122,264,117,164,169,183,138
1611428179.114913,87,272,118,258,117,164,169,183,138
1611428179.125008,87,273,112,256,117,163,169,182,141
1611428179.135479,89,277,110,248,118,163,169,184,142
1611428179.145287,88,276,106,248,118,163,170,184,142
1611428179.155213,89,274,101,242,119,162,169,184,145
1611428179.165068,87,274,101,238,117,163,170,183,146
1611428179.175179,88,274,98,235,120,163,169,182,148
1611428179.185904,90,274,96,230,121,163,170,184,148
1611428179.195244,91,274,94,226,119,162,170,184,150
1611428179.205288,91,273,90,224,120,163,169,182,150
1611428179.214853,88,273,90,221,118,161,169,183,150
1611428179.225099,89,272,87,224,118,162,168,183,149
1611428179.235366,89,272,83,224,117,162,168,182,146
1611428179.245356,88,272,80,219,117,159,168,183,146
1611428179.255184,85,270,77,224,114,159,168,183,144
1611428179.265098,85,267,75,225,113,162,168,182,142
1611428179.27546,82,269,73,227,112,160,168,183,141
1611428179.285081,84,270,71,232,110,161,167,182,136
1611428179.295551,80,273,71,238,108,158,168,182,134
1611428179.305232,82,269,69,243,108,160,167,182,131
1611428179.315201,82,266,69,245,107,160,168,182,130
1611428179.325158,82,267,69,248,106,161,167,182,130
1611428179.335265,82,267,69,256,106,160,169,183,128
1611428179.345142,81,267,68,261,106,160,168,182,122
1611428179.355367,80,268,69,271,103,161,168,182,118
1611428179.365051,77,269,71,285,101,162,168,182,110
1611428179.37517,75,267,71,299,99,160,168,181,101
1611428179.38544,76,267,78,320,94,161,169,182,90
1611428179.395357,75,270,93,341,93,160,169,182,78
1611428179.404989,72,274,128,361,89,160,169,181,66
1611428179.415242,75,277,181,374,84,161,169,181,55
1611428179.424831,72,281,224,384,78,158,170,181,50
1611428179.434895,77,288,256,389,73,157,170,179,44
1611428179.44488,78,290,272,393,64,150,170,178,39
1611428179.454931,86,296,278,406,56,141,169,177,37
1611428179.465145,100,294,300,417,52,126,169,176,39
1611428179.475486,130,308,306,418,49,102,170,178,43
1611428179.485015,160,298,298,410,47,69,170,182,70
1611428179.495091,190,297,298,408,46,49,168,185,120
1611428179.50546,222,298,299,411,45,40,168,188,157
1611428179.515231,244,301,304,416,45,37,165,190,166
1611428179.525401,264,313,318,434,46,36,167,193,174
1611428179.535383,261,301,309,416,46,37,167,193,178
1611428179.545231,276,308,318,430,49,42,168,193,180
1611428179.555399,267,302,319,432,51,57,168,194,183
1611428179.565194,270,301,309,419,57,87,170,195,183
1611428179.5754,274,303,311,421,65,115,170,195,186
1611428179.585199,276,301,308,417,72,132,171,195,186
1611428179.595185,276,304,309,417,78,142,172,196,186
1611428179.604793,273,305,311,421,84,148,172,196,186
1611428179.614916,277,304,310,422,87,149,173,195,187
1611428179.625027,288,305,313,420,90,151,173,196,188
1611428179.635029,284,305,311,418,90,151,172,197,187
1611428179.64495,279,317,320,434,90,152,172,196,187
1611428179.655011,277,302,313,416,90,151,171,197,188
1611428179.665139,276,304,309,421,89,150,171,197,187
1611428179.675011,277,301,310,418,88,150,171,196,185
1611428179.685328,277,304,312,421,88,150,170,195,187
1611428179.695188,276,304,309,421,87,149,172,196,184
1611428179.704767,276,303,311,420,87,148,171,196,187
1611428179.715459,276,302,309,419,86,146,171,195,185
1611428179.724972,276,306,310,420,86,146,171,196,186
1611428179.735035,276,301,309,421,85,144,171,193,186
1611428179.745434,274,302,310,418,84,141,171,194,186
1611428179.75538,275,301,309,417,84,140,170,194,185
1611428179.765071,274,304,309,416,82,138,170,195,187
1611428179.775512,276,301,310,418,80,133,170,194,186
1611428179.78496,274,301,309,418,80,129,169,194,186
1611428179.795235,274,301,306,417,77,125,170,194,186
1611428179.8053,269,301,309,416,75,118,169,194,186
1611428179.815019,273,301,309,417,73,114,170,194,183
1611428179.825124,269,301,308,416,70,105,168,194,184
1611428179.835132,267,302,306,416,68,98,168,193,183
1611428179.845235,263,301,309,416,64,90,167,192,182
1611428179.85491,266,299,306,416,61,83,166,193,182
1611428179.865064,265,301,308,410,56,77,167,193,182
1611428179.87543,261,301,318,428,52,73,169,191,181
1611428179.885145,258,301,306,410,51,73,170,191,178
1611428179.895164,256,301,304,408,49,78,170,190,177
1611428179.905186,251,299,304,410,47,90,171,190,173
1611428179.914824,245,301,303,407,48,112,172,190,175
1611428179.924916,233,298,302,408,50,133,173,190,174
1611428179.934919,224,301,302,402,53,154,174,190,173
1611428179.944902,211,297,301,401,60,170,175,190,174
1611428179.9554,205,298,301,401,75,175,177,190,175
1611428179.964774,214,298,299,400,104,174,177,191,178
1611428179.975058,229,299,298,400,130,178,178,192,179
1611428179.984671,250,298,299,400,146,178,178,192,181
1611428179.994734,262,296,298,405,162,181,180,191,181
1611428180.005038,269,299,299,407,174,182,180,193,185
1611428180.015133,278,302,304,410,178,185,182,194,189
1611428180.024624,280,301,307,416,180,186,183,197,191
1611428180.034967,288,306,309,408,181,189,185,198,193
1611428180.045394,290,310,310,416,186,190,186,202,197
1611428180.05519,297,311,315,421,187,194,188,205,197
1611428180.065121,301,309,318,426,190,197,192,205,198
1611428180.075061,302,314,322,430,194,200,194,206,202
1611428180.085133,309,312,321,433,196,202,197,208,203
1611428180.095086,305,318,322,438,200,205,195,210,206
1611428180.105817,315,320,330,438,200,206,200,212,210
1611428180.115347,318,322,331,442,206,209,202,213,211
1611428180.125336,321,319,330,442,208,211,202,214,213
1611428180.135071,322,321,330,442,206,213,204,215,213
1611428180.144992,330,322,336,448,213,214,207,217,210
1611428180.154909,330,330,338,448,211,216,206,217,216
1611428180.16538,331,328,338,453,217,217,209,216,217
1611428180.175103,333,329,340,453,213,214,211,221,219
1611428180.185041,336,330,342,456,219,221,213,218,219
1611428180.195176,328,332,343,456,221,221,213,221,222
1611428180.205161,330,336,338,452,221,222,215,224,222
1611428180.215807,340,337,346,464,224,225,215,225,224
1611428180.225477,338,336,346,459,226,226,216,221,223
1611428180.235402,344,337,348,461,225,227,217,226,225
1611428180.244893,342,333,349,458,226,226,218,226,226
1611428180.255772,344,336,349,458,221,226,218,226,226
1611428180.265643,341,337,343,458,226,227,215,225,226
1611428180.275241,341,337,349,464,227,229,219,226,222
1611428180.285377,340,341,349,464,223,224,218,228,226
1611428180.295203,342,338,347,464,229,229,218,228,225
1611428180.305674,347,336,352,464,223,223,219,226,226
1611428180.315699,346,336,349,464,228,229,221,224,225
1611428180.325002,344,340,350,455,222,229,219,228,226
1611428180.335143,342,336,347,461,229,229,220,229,225
1611428180.345153,346,341,352,464,229,229,221,228,227
1611428180.35488,346,341,350,464,226,228,221,228,227
1611428180.365003,342,341,352,464,229,228,221,227,228
1611428180.37519,346,336,349,465,230,229,221,229,223
1611428180.385058,338,336,349,464,229,229,219,228,228
1611428180.395319,342,338,352,465,229,230,221,226,227
1611428180.405195,346,336,346,464,230,229,221,226,228
1611428180.415098,346,339,352,466,229,226,220,229,229
1611428180.424796,346,341,349,464,229,229,219,229,229
1611428180.435211,347,342,352,459,229,229,221,229,229
1611428180.445143,347,341,349,464,229,230,222,229,228
1611428180.455728,346,340,353,464,228,228,221,229,229
1611428180.464959,349,341,352,464,229,230,222,230,228
1611428180.474831,349,336,350,464,231,230,221,230,226
1611428180.484958,342,339,352,468,229,230,218,225,228
1611428180.49499,347,336,350,468,230,231,222,229,225
1611428180.504847,349,341,352,466,230,230,222,229,229
1611428180.515304,349,341,352,466,230,229,218,229,229
1611428180.525116,346,342,354,461,229,230,222,230,229
1611428180.535045,349,342,350,464,229,232,222,230,230
1611428180.545082,346,341,353,469,229,232,221,226,229
1611428180.555052,347,342,354,464,231,228,221,230,230
1611428180.565052,347,337,352,466,230,231,221,229,230
1611428180.575574,349,342,353,458,230,232,223,230,229
1611428180.584846,349,340,349,464,231,230,221,229,229
1611428180.594819,349,340,352,466,230,232,223,229,229
1611428180.60488,352,342,353,466,230,230,220,232,230
1611428180.614889,349,342,354,469,230,232,218,229,229
1611428180.624862,348,346,357,469,230,232,223,230,229
1611428180.634984,346,346,354,466,232,232,221,229,229
1611428180.645174,349,344,353,469,232,230,218,230,229
1611428180.655546,350,343,352,464,232,232,222,231,230
1611428180.665455,352,344,354,469,232,228,221,230,230
1611428180.675651,349,346,350,465,232,233,224,229,229
1611428180.685071,347,344,346,469,232,232,224,231,230
1611428180.694694,348,346,352,469,232,226,221,232,230
1611428180.704858,352,342,354,469,231,231,223,232,231
1611428180.714968,342,340,355,469,232,233,223,229,229
1611428180.724843,348,346,357,469,233,234,222,229,229
1611428180.735626,352,346,357,468,228,231,222,232,230
1611428180.745465,349,346,353,466,232,232,223,232,229
1611428180.755359,350,342,353,468,230,230,221,229,230
1611428180.765507,349,344,355,468,230,232,223,232,229
1611428180.775271,352,346,357,470,232,232,219,231,228
1611428180.785047,344,345,349,464,228,229,222,232,230
1611428180.795347,347,341,354,466,232,233,223,232,227
1611428180.805347,349,346,357,469,232,232,222,232,229
1611428180.815243,352,346,356,462,231,231,223,232,230
1611428180.825043,345,342,353,464,232,233,224,231,230
1611428180.834992,347,341,354,468,231,233,224,232,227
1611428180.844887,349,337,357,469,232,234,222,231,233
1611428180.855442,349,346,357,471,232,232,219,230,230
1611428180.865259,349,346,357,468,231,231,221,230,232
1611428180.874979,349,345,354,470,231,233,224,226,230
1611428180.88504,350,341,354,470,232,233,223,233,226
1611428180.895429,349,346,357,469,233,233,224,230,230
1611428180.904984,346,344,353,469,229,229,224,230,229
1611428180.914957,352,344,354,469,232,233,221,230,231
1611428180.925094,352,341,351,469,232,232,219,232,230
1611428180.935442,348,347,359,471,233,231,221,231,232
1611428180.945272,357,349,362,471,231,232,225,228,231
1611428180.955093,349,346,357,469,228,231,222,232,232
1611428180.965098,349,345,357,464,232,232,224,231,229
1611428180.975308,349,345,353,469,233,233,223,233,228
1611428180.985079,365,343,370,468,232,234,225,233,229
1611428180.994958,348,346,354,468,229,232,225,232,231
1611428181.005096,350,342,353,467,229,229,225,232,231
1611428181.01536,352,344,357,469,233,234,219,232,231
1611428181.025181,354,352,362,480,233,233,221,232,232
1611428181.034988,357,354,365,484,232,234,225,229,230
1611428181.045014,353,344,356,469,233,234,224,232,232
1611428181.055136,350,346,357,467,234,229,221,232,232
1611428181.065202,352,346,357,461,233,232,225,229,232
1611428181.075342,347,346,357,469,233,229,223,232,232
1611428181.084972,353,346,354,469,234,234,224,232,232
1611428181.095052,345,346,357,459,232,233,224,234,232
1611428181.105332,352,346,354,464,232,232,225,233,226
1611428181.115218,346,345,356,469,233,233,225,233,232
1611428181.125119,352,346,356,469,232,234,225,229,231
1611428181.135295,350,341,353,468,233,233,224,233,228
1611428181.144845,344,345,354,469,230,232,225,233,228
1611428181.154916,349,346,355,472,233,233,225,233,227
1611428181.165188,352,347,357,469,234,234,221,233,227
1611428181.1751,353,346,355,469,233,233,225,229,230
1611428181.185258,350,344,355,469,230,231,224,233,231
1611428181.195084,346,346,359,468,230,233,223,232,233
1611428181.205037,350,347,354,470,228,228,226,232,232
1611428181.21558,352,345,357,469,232,233,221,230,231
1611428181.224952,350,346,357,468,232,232,226,233,232
1611428181.234997,353,346,349,468,232,234,225,233,232
1611428181.244917,352,345,357,469,228,232,225,233,233
1611428181.255225,352,346,354,469,229,232,223,232,232
1611428181.26566,350,347,352,467,232,234,225,232,232
1611428181.274964,351,341,352,469,233,230,221,233,231
1611428181.285433,352,346,358,469,232,230,223,232,232
1611428181.295067,352,344,353,469,234,234,224,233,231
1611428181.3048,352,342,353,469,232,234,226,232,230
1611428181.31499,353,346,349,464,233,232,225,232,232
1611428181.325179,352,346,349,466,233,234,225,229,230
1611428181.335027,352,342,354,470,232,233,225,231,232
1611428181.345038,347,346,356,461,232,234,225,233,233
1611428181.35534,347,346,355,469,233,234,223,232,232
1611428181.365441,352,346,357,469,233,234,222,232,232
1611428181.374956,352,347,349,461,232,233,225,232,233
1611428181.385085,346,346,352,465,232,234,225,234,232
1611428181.394874,352,347,357,469,232,232,224,234,233
1611428181.405152,352,347,355,469,228,231,226,233,232
1611428181.415188,352,346,357,470,232,233,226,234,232
1611428181.425017,350,344,357,469,233,234,226,229,232
1611428181.435271,344,346,357,469,229,230,224,234,232
1611428181.44513,346,344,356,470,233,234,225,228,230
1611428181.455045,345,346,360,469,233,233,224,233,232
1611428181.465503,352,341,357,470,233,234,226,232,232
1611428181.475148,349,344,358,465,231,232,221,233,232
1611428181.485733,352,346,352,469,232,233,224,233,232
1611428181.495237,344,348,357,469,233,234,225,232,233
1611428181.504997,353,346,358,469,233,231,221,232,233
1611428181.515208,344,346,356,470,234,234,226,234,233
1611428181.525233,352,347,357,464,233,234,225,233,233
1611428181.53517,347,346,359,470,234,233,226,234,233
1611428181.54541,344,346,357,469,234,233,225,230,230
1611428181.555133,352,349,357,471,232,230,226,233,232
1611428181.56627,346,346,354,469,233,235,226,232,230
1611428181.574979,344,344,357,468,234,234,225,234,228
1611428181.585124,352,341,352,469,234,234,222,233,232
1611428181.595334,347,342,357,470,232,234,226,229,230
1611428181.605109,352,343,357,471,234,234,224,234,232
1611428181.614774,350,346,356,469,234,234,225,234,229
1611428181.625246,352,347,356,469,229,229,221,233,232
1611428181.635211,352,341,357,469,233,235,226,233,229
1611428181.644977,352,346,351,469,232,234,226,232,233
1611428181.65521,352,348,360,466,234,234,226,230,233
1611428181.665367,352,346,357,468,230,234,225,234,231
1611428181.67505,352,348,354,472,233,232,226,233,231
1611428181.684758,352,347,357,470,230,232,225,233,232
1611428181.694892,354,347,358,472,234,234,224,233,232
1611428181.705167,353,346,360,464,231,234,225,233,233
1611428181.715026,349,347,357,470,230,230,225,233,231
1611428181.725512,350,346,357,464,230,234,224,233,232
1611428181.735251,349,347,355,472,232,234,225,229,231
1611428181.744867,350,347,357,470,229,231,225,234,232
1611428181.754742,352,341,355,464,233,234,225,232,233
1611428181.765308,341,346,357,469,232,234,219,229,232
1611428181.775048,350,346,357,469,232,234,219,230,230
1611428181.785189,347,341,352,465,227,229,221,229,7
1611428181.795132,338,343,347,465,229,229,221,229,6
1611428181.805526,338,330,336,429,231,232,223,232,235
1611428181.81508,317,318,325,426,232,230,222,231,754
1611428181.82558,317,320,330,438,234,234,222,229,229
1611428181.835256,331,330,341,446,232,232,223,233,231
1611428181.845082,369,360,384,512,229,230,226,234,233
1611428181.855511,376,365,384,490,234,236,226,235,235
1611428181.865345,384,362,374,512,244,245,229,244,242
1611428181.875229,368,305,321,429,240,240,225,237,238
1611428181.88595,314,314,318,426,239,238,230,239,237
1611428181.895105,312,312,322,430,238,240,230,238,239
1611428181.90533,315,310,318,433,239,241,227,238,238
1611428181.915139,322,320,323,429,235,235,229,238,237
1611428181.925308,313,312,319,420,237,237,229,237,237
1611428181.935296,312,312,326,433,237,237,227,235,235
1611428181.945569,308,301,315,418,236,237,227,235,232
1611428181.955075,310,299,314,419,234,234,223,236,235
1611428181.965189,315,309,317,419,230,234,226,234,234
1611428181.975186,306,306,317,420,230,232,223,234,234
1611428181.985492,309,298,314,424,234,235,226,234,229
1611428181.994795,314,310,322,430,234,235,226,234,235
1611428182.004947,309,307,317,426,232,230,226,234,234
1611428182.015109,312,309,318,419,236,237,223,234,234
1611428182.024857,298,292,297,395,234,236,226,234,230
1611428182.034828,293,285,299,401,232,233,226,235,232
1611428182.045033,289,285,296,398,234,234,226,235,234
1611428182.05574,278,282,296,402,234,234,226,229,234
1611428182.064874,310,262,267,362,235,229,222,234,234
1611428182.074909,264,257,262,351,233,232,226,235,229
1611428182.085141,257,253,264,354,234,229,223,234,234
1611428182.095239,256,253,262,352,230,231,225,234,234
1611428182.10537,253,245,254,347,235,234,226,234,232
1611428182.115241,250,245,253,341,234,234,223,234,234
1611428182.125239,247,245,248,341,234,234,225,234,233
1611428182.135007,249,245,252,338,233,233,224,230,230
1611428182.145079,250,249,256,346,236,230,224,235,234
1611428182.155068,262,261,270,362,237,238,228,234,235
1611428182.165626,269,261,272,366,237,238,230,237,238
1611428182.175198,267,266,276,367,242,242,229,238,241
1611428182.185082,263,262,269,363,237,237,226,237,234
1611428182.195607,258,254,265,354,229,231,221,229,227
1611428182.205634,266,253,261,349,230,230,216,229,229
1611428182.215129,256,251,259,345,229,228,219,229,223
1611428182.224972,254,250,258,347,224,227,219,229,228
1611428182.234776,256,251,258,348,230,225,214,227,228
1611428182.245145,253,251,258,347,230,226,218,229,228
1611428182.25529,253,253,261,349,229,228,220,225,228
1611428182.265239,253,250,262,347,225,228,219,229,229
1611428182.27546,258,253,261,349,229,229,221,228,229
1611428182.285234,256,253,261,349,229,230,219,226,228
1611428182.29521,258,256,256,349,229,229,215,229,229
1611428182.305357,256,253,259,347,229,225,218,228,229
1611428182.314852,256,251,257,346,230,230,219,226,226
1611428182.324963,254,246,258,346,230,230,219,227,227
1611428182.335082,249,251,259,342,229,228,220,229,228
1611428182.344842,253,251,258,346,230,229,214,229,227
1611428182.355386,253,248,253,344,229,229,220,226,228
1611428182.365313,253,250,257,342,230,229,218,228,225
1611428182.375072,252,249,256,341,229,229,218,227,228
1611428182.384952,251,249,256,342,229,224,214,228,226
1611428182.395132,253,248,257,338,229,228,219,224,224
1611428182.405006,251,246,257,341,228,224,218,227,227
1611428182.415303,252,249,257,343,228,227,218,228,227
1611428182.425293,253,248,258,342,228,225,215,226,228
1611428182.435058,252,247,256,342,229,223,213,228,227
1611428182.444819,252,249,256,344,228,225,218,227,226
1611428182.454901,250,249,257,341,228,228,219,226,226
1611428182.465303,247,248,256,343,226,228,218,229,227
1611428182.475178,247,248,257,342,228,228,218,228,227
1611428182.485084,248,250,256,341,229,229,218,224,226
1611428182.495168,246,248,256,344,229,228,218,229,226
1611428182.505,253,247,258,345,228,228,219,225,225
1611428182.515077,253,251,258,344,228,229,218,226,226
1611428182.525472,253,250,258,337,227,228,218,227,228
1611428182.535013,247,249,257,342,228,229,219,227,228
1611428182.545125,248,247,258,341,226,226,218,227,228
1611428182.555697,251,248,256,344,229,229,218,227,227
1611428182.564976,253,250,253,344,228,226,218,228,228
1611428182.575514,263,256,260,346,229,228,219,228,227
1611428182.585457,253,250,258,345,223,226,218,228,227
1611428182.595196,250,248,257,341,229,229,218,228,225
1611428182.604984,259,258,269,360,229,229,219,227,224
1611428182.615702,330,259,269,358,222,228,219,228,227
1611428182.625266,264,260,268,359,229,228,220,227,228
1611428182.63519,268,261,269,363,230,226,214,228,227
1611428182.645189,269,264,273,365,229,229,214,229,227
1611428182.654993,268,263,270,364,230,228,214,228,227
1611428182.66501,277,266,278,369,229,229,216,228,224
1611428182.674838,274,269,279,367,227,226,218,228,227
1611428182.684918,272,272,277,376,230,230,220,225,229
1611428182.695131,279,277,288,388,230,230,220,230,229
1611428182.70536,294,283,306,384,222,226,218,226,226
1611428182.715139,292,284,289,386,226,226,218,228,226
1611428182.725275,266,256,263,356,227,228,216,224,225
1611428182.735422,261,256,263,354,227,227,218,223,226
1611428182.745581,260,253,261,354,227,227,218,227,221
1611428182.755155,261,256,266,354,227,228,219,228,228
1611428182.765082,263,258,269,352,229,230,221,229,229
1611428182.775215,263,258,266,362,232,230,221,229,226
1611428182.784923,262,256,264,357,228,226,214,227,226
1611428182.795353,261,258,266,357,229,229,221,229,228
1611428182.805367,262,258,266,358,229,232,218,229,229
1611428182.815117,261,259,266,362,228,229,220,228,228
1611428182.825329,266,258,267,365,229,226,218,229,228
1611428182.83525,270,264,274,372,235,237,226,234,234
1611428182.84528,259,262,261,363,229,226,219,229,230
1611428182.855728,262,260,269,365,232,230,221,230,229
1611428182.865315,267,261,267,370,234,235,226,233,234
1611428182.875367,269,263,270,369,234,234,229,232,235
1611428182.885303,274,280,283,383,246,237,227,237,233
1611428182.895698,267,266,274,384,237,235,228,234,234
1611428182.904948,267,266,272,381,234,235,227,236,234
1611428182.914979,269,264,272,384,237,238,223,238,235
1611428182.925159,277,271,277,388,235,236,229,237,237
1611428182.935236,269,266,271,392,238,239,230,240,238
1611428182.945218,282,276,282,406,241,242,233,238,241
1611428182.955095,276,269,279,394,230,229,218,228,228
1611428182.964972,266,258,269,387,230,227,218,229,229
1611428182.97547,247,245,253,369,230,232,222,230,231
1611428182.984906,250,242,249,372,232,232,222,232,230
1611428182.995071,253,250,256,381,233,231,222,228,229
1611428183.005023,401,242,253,381,232,226,217,232,230
1611428183.01514,261,256,261,402,232,226,221,232,230
1611428183.025318,244,241,247,389,233,232,223,232,230
1611428183.035166,242,238,246,393,232,232,222,232,232
1611428183.045251,246,238,250,405,229,229,224,233,226
1611428183.055402,250,247,258,429,227,232,223,230,232
1611428183.065121,269,269,278,469,233,232,223,227,232
1611428183.075108,357,288,290,512,229,232,222,232,232
1611428183.085665,373,368,384,674,232,233,222,231,233
1611428183.095423,389,232,238,437,231,233,224,231,231
1611428183.105188,235,229,236,439,231,233,223,231,232
1611428183.115078,236,233,238,457,233,232,220,230,230
1611428183.125193,235,229,237,462,233,232,222,233,229
1611428183.135143,234,232,236,477,232,233,223,232,232
1611428183.145567,235,230,238,446,232,233,222,232,228
1611428183.155227,233,232,238,453,232,232,222,233,232
1611428183.165433,233,229,237,475,233,232,217,230,232
1611428183.175064,229,232,234,479,233,231,218,233,232
1611428183.185555,229,230,238,474,232,232,221,232,232
1611428183.195237,234,231,238,445,232,233,219,231,231
1611428183.205327,232,229,238,459,229,232,222,232,229
1611428183.214831,234,229,236,453,231,228,223,232,230
1611428183.225061,234,229,238,458,232,232,221,232,230
1611428183.23514,234,229,234,473,233,232,222,232,230
1611428183.245069,234,230,238,469,230,232,222,230,232
1611428183.254989,234,230,238,467,230,230,222,232,231
1611428183.264949,234,230,237,470,226,229,221,232,230
1611428183.275153,229,232,238,468,232,230,218,230,229
1611428183.285192,233,230,235,469,232,232,221,229,232
1611428183.295183,234,230,237,464,232,229,219,232,230
1611428183.30507,234,230,238,456,232,232,221,232,231
1611428183.315545,232,227,237,468,230,232,223,230,226
1611428183.325257,235,228,238,469,226,226,222,231,232
1611428183.335478,235,230,238,474,231,227,219,229,230
1611428183.345045,233,229,238,471,230,232,220,228,230
1611428183.354851,234,232,238,466,230,230,221,232,229
1611428183.36557,236,232,237,464,232,232,221,231,232
1611428183.37506,234,232,239,472,226,227,221,230,232
1611428183.385114,236,233,241,476,227,229,221,231,230
1611428183.395847,238,234,242,474,226,230,222,229,230
1611428183.405586,234,234,241,481,230,231,221,232,229
1611428183.415297,238,234,242,481,226,229,222,231,230
1611428183.424959,238,230,238,478,225,230,221,230,229
1611428183.434903,239,234,243,471,230,230,222,230,231
1611428183.445442,238,233,241,469,230,232,218,230,230
1611428183.455099,239,235,242,491,232,226,218,230,230
1611428183.464961,235,234,242,488,230,232,222,227,229
1611428183.475277,234,234,238,482,232,230,221,231,230
1611428183.485214,238,237,242,483,230,229,221,230,229
1611428183.49489,240,237,243,489,230,230,220,231,226
1611428183.505138,241,236,242,482,229,230,221,231,230
1611428183.515281,241,236,245,481,232,230,221,229,230
1611428183.525226,239,232,242,478,230,231,221,230,229
1611428183.534892,239,237,245,478,228,232,221,229,229
1611428183.545062,239,239,247,479,234,234,219,232,233
1611428183.554975,244,239,247,482,234,234,221,229,233
1611428183.565484,244,237,246,485,234,234,223,234,229
1611428183.574969,245,237,246,475,234,235,226,234,230
1611428183.58539,242,237,245,465,226,227,221,232,229
1611428183.595066,242,238,246,471,231,232,222,230,230
1611428183.60506,245,245,253,482,230,230,222,229,229
1611428183.615184,260,251,262,518,232,232,221,230,229
1611428183.625138,262,256,264,522,232,232,221,230,229
1611428183.634906,266,262,268,533,229,230,222,228,229
1611428183.645135,269,263,272,539,230,226,219,230,229
1611428183.655301,269,267,274,552,230,228,218,229,229
1611428183.664931,276,270,277,552,229,229,219,230,228
1611428183.67497,282,275,282,565,227,229,221,230,228
1611428183.685116,290,286,296,578,231,232,221,232,232
1611428183.695398,339,299,309,610,231,230,217,229,229
1611428183.7051,263,261,269,541,228,230,222,233,230
1611428183.715095,270,276,289,562,231,232,223,230,230
1611428183.72501,321,315,320,631,229,231,222,230,229
1611428183.735,306,311,309,597,229,230,221,229,229
1611428183.745139,293,296,298,592,229,230,221,224,228
1611428183.755094,410,397,359,640,230,232,221,230,225
1611428183.765229,290,274,278,549,230,232,222,232,230
1611428183.775247,277,274,294,578,233,232,222,232,232
1611428183.78522,384,373,386,744,230,232,222,230,232
1611428183.795176,367,362,370,733,230,230,222,229,229
1611428183.80501,232,226,236,461,229,230,221,229,225
1611428183.814872,234,229,235,458,223,222,217,226,223
1611428183.825383,418,410,437,844,227,230,221,229,229
1611428183.835365,231,226,234,453,226,228,218,226,226
1611428183.845274,351,341,354,690,226,226,218,226,226
1611428183.855239,346,341,350,672,223,226,213,226,225
1611428183.865269,343,342,354,665,228,222,215,226,226
1611428183.875021,347,340,354,651,228,228,214,226,226
1611428183.885474,351,344,352,662,229,229,214,228,226
1611428183.895234,345,347,355,656,229,229,221,229,229
1611428183.905087,343,337,348,640,231,230,221,229,227
1611428183.915062,346,336,347,641,232,232,221,230,230
1611428183.924796,346,331,352,629,230,230,218,229,230
1611428183.934886,340,340,349,623,232,231,221,230,226
1611428183.945028,340,328,341,620,230,231,221,230,226
1611428183.955346,340,336,342,616,231,229,217,232,230
1611428183.964758,338,336,349,618,230,230,221,225,229
1611428183.97541,341,330,338,616,229,230,221,224,228
1611428183.984955,341,336,349,621,229,229,221,229,223
1611428183.995182,345,343,349,611,226,225,219,229,226
1611428184.005002,338,337,346,605,229,229,219,230,228
1611428184.015275,340,336,349,616,230,229,215,227,229
1611428184.025182,342,336,346,613,229,229,221,223,228
1611428184.035362,337,333,344,610,229,229,217,228,229
1611428184.044976,341,336,340,608,228,229,221,228,228
1611428184.054668,338,330,341,613,228,229,219,225,228
1611428184.064911,337,330,341,606,226,228,219,228,228
1611428184.07489,336,330,338,600,225,226,218,229,222
1611428184.085103,336,330,340,600,225,226,218,227,223
1611428184.094822,336,329,341,608,223,225,217,226,223
1611428184.105022,333,334,342,600,222,226,216,226,226
1611428184.115282,333,330,333,593,219,222,215,226,221
1611428184.125424,330,329,338,602,221,222,214,226,224
1611428184.135187,336,328,336,601,217,219,213,226,224
1611428184.145598,323,322,333,592,219,221,213,223,221
1611428184.155091,322,325,330,597,218,221,213,223,222
1611428184.165618,320,321,330,592,218,219,212,225,219
1611428184.17495,321,325,333,592,215,218,213,223,219
1611428184.185086,318,325,333,594,214,218,211,223,219
1611428184.195136,315,320,330,593,216,218,211,221,219
1611428184.205263,319,325,322,592,213,217,210,221,217
1611428184.215165,314,323,330,592,213,217,209,220,218
1611428184.225212,310,325,328,584,211,216,209,221,218
1611428184.235187,314,322,328,584,212,217,208,218,218
1611428184.245346,314,321,330,586,209,215,209,219,217
1611428184.255675,310,321,328,577,208,213,207,219,215
1611428184.265179,308,322,325,586,208,213,206,220,214
1611428184.275009,304,325,328,581,207,212,206,218,214
1611428184.285277,301,321,324,576,205,211,205,218,213
1611428184.294896,296,320,322,571,202,212,205,218,212
1611428184.304942,290,317,318,562,201,212,205,215,210
1611428184.315053,289,317,314,567,200,209,205,214,207
1611428184.324931,282,315,313,562,197,209,203,214,205
1611428184.335188,277,311,309,558,194,208,203,213,202
1611428184.345392,266,313,308,554,190,205,202,213,200
1611428184.355258,225,314,304,549,186,203,202,210,197
1611428184.365166,186,306,298,535,182,201,200,209,194
1611428184.375034,145,304,290,521,176,197,200,206,190
1611428184.385435,117,302,285,512,169,194,197,205,187
1611428184.395353,106,297,277,475,162,192,196,203,183
1611428184.405585,101,291,266,470,155,189,192,202,179
1611428184.415082,97,288,256,461,147,187,191,200,167
1611428184.425436,96,282,229,447,141,186,189,197,154
1611428184.434991,94,281,194,423,134,182,189,197,145
1611428184.445526,94,279,168,423,130,181,186,195,139
1611428184.455082,93,272,138,424,125,181,187,194,130
1611428184.464973,92,266,120,416,121,178,186,193,125
1611428184.474973,91,266,110,421,117,178,186,192,117
1611428184.485278,91,266,106,426,111,177,185,191,109
1611428184.495257,90,264,106,430,108,177,185,190,103
1611428184.504865,90,263,114,447,104,176,183,190,93
1611428184.515067,89,262,128,459,97,174,185,189,81
1611428184.525226,89,264,149,480,90,171,183,188,71
1611428184.535667,87,264,177,478,83,170,185,187,66
1611428184.545378,89,270,215,482,74,165,184,186,61
1611428184.55566,91,277,256,490,66,159,185,185,55
1611428184.565049,102,283,272,517,60,149,184,185,49
1611428184.575219,129,292,284,512,57,132,184,184,46
1611428184.585195,170,296,297,528,53,103,183,183,49
1611428184.594964,225,301,302,523,50,69,182,186,89
1611428184.605478,257,302,308,533,49,54,178,194,160
1611428184.614998,272,306,309,544,51,45,177,200,181
1611428184.624977,285,306,309,536,64,45,174,203,191
1611428184.63521,288,306,311,546,92,66,175,206,197
1611428184.645428,293,306,310,544,123,121,181,210,199
1611428184.655201,293,305,313,549,150,159,185,208,201
1611428184.664671,298,309,314,574,164,173,188,210,203
1611428184.67498,297,309,312,546,170,178,189,211,203
1611428184.68526,301,306,315,554,175,185,192,210,203
1611428184.695097,299,309,315,554,178,186,191,211,205
1611428184.705465,299,309,312,556,180,187,193,210,205
1611428184.715288,298,308,313,554,181,189,193,210,205
1611428184.725185,298,305,309,570,180,187,192,211,205
1611428184.735112,298,304,310,570,180,187,194,212,205
1611428184.745509,296,302,310,568,176,184,192,210,205
1611428184.754949,296,306,312,573,171,180,190,211,203
1611428184.765064,296,306,310,577,168,174,186,210,202
1611428184.775353,292,306,310,574,151,166,186,208,198
1611428184.785136,288,304,308,573,127,154,183,205,197
1611428184.794801,281,302,304,565,102,143,181,203,193
1611428184.804909,266,298,299,560,80,154,185,202,189
1611428184.814751,258,298,301,561,73,173,189,200,187
1611428184.825023,238,299,301,554,88,186,192,201,188
1611428184.835152,221,301,298,557,142,193,195,203,189
1611428184.845082,244,301,297,552,176,197,197,207,192
1611428184.855295,269,300,296,549,189,202,200,210,198
1611428184.865297,282,309,301,554,194,205,201,214,203
1611428184.875051,284,306,304,555,199,209,202,214,208
1611428184.885254,296,309,312,554,203,210,202,214,211
1611428184.895195,304,309,317,573,206,209,203,215,210
1611428184.904926,304,308,317,578,206,209,205,214,209
1611428184.915077,308,308,314,573,207,212,205,214,212
1611428184.925413,301,312,318,570,206,213,208,218,213
1611428184.935103,306,314,317,573,211,218,206,219,217
1611428184.945459,310,315,324,584,216,219,209,220,220
1611428184.955093,318,317,328,580,216,217,213,221,221
1611428184.96506,318,320,325,592,218,221,214,223,221
1611428184.975099,320,322,329,591,219,223,214,225,221
1611428184.985168,325,325,331,591,221,221,215,226,224
1611428184.995127,328,325,336,597,225,226,217,226,225
1611428185.005437,330,325,336,596,226,222,215,227,223
1611428185.015154,330,325,336,601,224,225,217,227,226
1611428185.025449,330,323,336,601,226,227,213,225,225
1611428185.035244,330,326,336,602,226,228,218,224,226
1611428185.044962,325,325,329,602,226,226,218,226,225
1611428185.055309,333,328,336,594,228,227,218,226,225
1611428185.065003,325,322,336,597,226,227,214,225,226
1611428185.07519,330,325,336,603,223,225,218,228,227
1611428185.085214,325,320,338,605,228,223,214,226,226
1611428185.095355,330,326,337,602,224,225,218,226,226
1611428185.105184,333,326,336,603,227,226,218,227,225
1611428185.115141,332,325,331,599,227,228,218,223,225
1611428185.125272,336,322,336,604,227,226,218,225,224
1611428185.135293,333,328,336,592,222,222,218,227,226
1611428185.145076,331,327,340,602,227,224,216,225,226
1611428185.155146,336,325,333,608,228,227,218,227,227
1611428185.165291,335,330,340,605,228,227,213,226,227
1611428185.175168,330,325,337,603,226,228,218,223,223
1611428185.185602,336,328,336,602,226,225,218,226,226
1611428185.19488,336,329,338,603,228,229,218,222,226
1611428185.205261,333,327,338,598,228,221,215,226,226
1611428185.215082,330,325,336,597,228,229,218,226,227
1611428185.22499,328,325,337,600,223,226,219,227,226
1611428185.235094,336,330,339,602,228,228,218,226,226
1611428185.245398,333,323,340,597,226,228,219,226,223
1611428185.255228,336,328,340,593,226,226,215,227,225
1611428185.265338,331,322,335,597,228,228,218,228,222
1611428185.275364,330,326,337,594,228,228,215,223,225
1611428185.285237,330,323,336,597,226,225,218,226,227
1611428185.295173,331,321,331,592,228,229,218,227,227
1611428185.305201,325,324,330,586,224,226,218,228,227
1611428185.315015,329,322,336,592,226,226,216,225,227
1611428185.32538,326,321,336,586,225,227,219,227,226
1611428185.334979,326,322,333,594,226,226,219,227,226
1611428185.345232,330,323,336,594,228,228,218,228,224
1611428185.355439,330,323,333,598,228,228,219,226,222
1611428185.364986,330,322,326,598,227,227,218,228,223
1611428185.375295,327,322,336,598,227,228,219,226,227
1611428185.385256,325,323,336,605,229,223,217,227,227
1611428185.395186,332,328,338,610,228,228,218,227,226
1611428185.405344,330,325,333,609,225,226,218,228,227
1611428185.415034,330,324,336,600,228,226,218,227,226
1611428185.424956,330,322,336,608,227,224,219,227,222
1611428185.435314,328,321,330,598,226,228,214,225,227
1611428185.445098,328,321,331,601,229,228,218,227,224
1611428185.454955,325,322,331,597,224,224,218,227,228
1611428185.465498,321,321,336,594,227,229,215,225,226
1611428185.475359,325,321,333,605,227,223,217,226,226
1611428185.485357,325,325,337,605,226,228,218,225,226
1611428185.495152,322,322,331,605,228,228,218,228,223
1611428185.505297,328,325,336,609,226,226,219,226,225
1611428185.514797,334,328,337,608,228,224,218,228,227
1611428185.52519,333,322,337,610,229,227,219,226,227
1611428185.535769,328,324,334,603,229,226,219,228,226
1611428185.545235,321,322,336,597,229,223,217,228,225
1611428185.555279,330,325,338,602,229,229,215,226,226
1611428185.564938,329,325,336,593,227,228,218,228,228
1611428185.57525,322,320,329,597,228,227,216,226,226
1611428185.585273,330,324,329,597,227,227,219,228,226
1611428185.595169,329,324,336,592,226,228,217,226,228
1611428185.605124,330,325,326,592,227,228,218,228,226
1611428185.615031,330,323,333,596,229,229,218,226,226
1611428185.625464,330,320,333,592,228,226,218,228,226
1611428185.635284,319,322,328,594,226,228,218,226,226
1611428185.64573,326,322,330,592,228,227,218,228,226
1611428185.655275,328,321,331,592,226,226,219,227,225
1611428185.665145,325,322,330,592,228,229,213,226,225
1611428185.675048,327,321,333,594,222,226,216,229,225
1611428185.685114,325,323,331,597,226,228,218,225,227
1611428185.695172,326,324,336,593,226,228,218,228,226
1611428185.705276,325,320,327,589,226,228,219,228,226
1611428185.714946,328,324,336,593,227,228,219,223,223
1611428185.725043,330,323,336,586,226,228,220,228,226
1611428185.735222,328,322,331,592,226,227,218,225,226
1611428185.745168,322,323,336,592,226,228,218,226,227
1611428185.755134,329,325,336,592,229,228,219,227,225
1611428185.765289,330,322,330,597,228,228,218,227,225
1611428185.775239,327,325,331,594,228,227,216,228,226
1611428185.785608,328,320,329,599,226,227,219,225,226
1611428185.795157,325,322,336,598,226,228,219,226,227
1611428185.805306,330,325,336,592,228,229,214,226,227
1611428185.815018,330,325,336,592,225,228,218,227,221
1611428185.825476,330,322,336,598,228,228,218,223,225
1611428185.835118,331,324,336,602,223,229,219,226,222
1611428185.844817,325,324,333,597,228,226,218,226,226
1611428185.855027,329,315,325,593,227,229,218,228,227
1611428185.865144,328,322,330,594,227,226,218,227,226
1611428185.875261,328,322,332,597,228,224,214,226,225
1611428185.885484,328,318,336,592,228,228,218,225,223
1611428185.894779,330,322,333,593,226,227,218,228,225
1611428185.905478,320,324,330,596,228,226,218,228,221
1611428185.91492,328,323,336,597,226,226,218,226,227
1611428185.924938,321,323,336,595,225,225,218,227,226
1611428185.935262,325,325,336,594,227,228,218,228,226
1611428185.945119,329,325,333,592,229,228,213,226,226
1611428185.954856,325,319,329,586,228,227,219,225,226
1611428185.965413,321,319,328,584,226,225,218,226,226
1611428185.975396,320,314,325,578,227,228,218,222,226
1611428185.985104,317,317,328,575,226,227,218,226,227
1611428185.994935,324,315,322,584,222,227,218,226,226
1611428186.004975,322,317,325,586,224,226,218,226,226
1611428186.015097,322,318,328,586,226,226,218,223,224
1611428186.024926,321,318,328,586,222,225,218,228,226
1611428186.034853,325,320,329,586,225,226,219,226,225
1611428186.045011,318,316,324,578,226,226,214,225,225
1611428186.055032,321,317,330,586,226,227,218,225,226
1611428186.065067,325,322,331,592,222,224,218,225,225
1611428186.074848,322,318,330,581,225,222,214,226,225
1611428186.084783,318,313,326,570,222,226,218,226,226
1611428186.095198,317,317,331,592,223,222,218,226,226
1611428186.105376,317,317,325,592,226,225,213,225,226
1611428186.115063,325,317,325,586,225,226,217,226,225
1611428186.125156,317,318,325,586,225,226,218,226,225
1611428186.13593,320,317,328,586,226,226,211,222,226
1611428186.145323,319,316,326,578,226,226,217,226,226
1611428186.154778,322,317,323,581,225,225,218,226,226
1611428186.16512,314,317,320,573,226,226,217,226,226
1611428186.175185,320,315,322,581,226,226,218,226,226
1611428186.185554,320,315,324,581,226,221,214,225,226
1611428186.195006,318,309,325,592,226,226,215,226,226
1611428186.20503,322,317,326,570,224,226,218,225,225
1611428186.215076,317,314,321,580,226,227,218,227,225
1611428186.225359,316,312,321,574,227,226,213,226,226
1611428186.235139,311,309,324,587,226,227,218,225,223
1611428186.245178,322,314,328,592,223,223,214,227,226
1611428186.25507,325,317,326,581,226,228,218,226,225
1611428186.265028,318,314,325,586,224,225,217,227,226
1611428186.275087,322,321,333,600,226,227,213,224,226
1611428186.285233,322,325,331,592,226,228,218,226,226
1611428186.295499,325,325,336,585,227,228,217,225,226
1611428186.30517,325,320,333,581,227,226,218,223,223
1611428186.314921,330,325,333,579,228,227,218,226,226
1611428186.325067,329,322,331,577,228,226,212,226,226
1611428186.335414,328,318,336,571,228,228,218,226,225
1611428186.345704,328,323,336,578,225,224,217,225,225
1611428186.35494,324,317,331,574,226,225,213,225,226
1611428186.365496,328,321,333,565,227,222,217,226,225
1611428186.37502,325,322,333,570,226,226,219,225,226
1611428186.385281,318,322,331,571,226,228,218,223,226
1611428186.394813,320,317,328,566,226,228,214,224,225
1611428186.40524,321,318,328,565,226,227,218,226,225
1611428186.415056,326,321,325,562,226,225,218,227,221
1611428186.425172,328,322,330,565,228,227,217,223,226
1611428186.434954,325,322,333,558,221,222,214,226,226
1611428186.445049,322,321,331,565,226,228,213,224,225
1611428186.455121,326,320,333,561,226,225,215,227,223
1611428186.465042,453,321,333,565,228,227,216,226,224
1611428186.475138,445,321,331,561,228,228,218,226,223
1611428186.485158,466,324,333,564,222,225,218,226,226
1611428186.494888,477,318,329,565,226,228,218,226,226
1611428186.505208,470,322,331,570,221,225,217,226,226
1611428186.515418,512,322,333,557,221,222,213,225,224
1611428186.525094,544,322,325,566,228,226,217,227,226
1611428186.534875,514,324,333,570,226,226,217,227,226
1611428186.54535,512,324,336,566,227,228,214,225,225
1611428186.555457,525,325,336,566,227,228,217,226,226
1611428186.56507,538,328,340,570,226,228,219,223,225
1611428186.57496,514,325,336,571,227,226,213,228,225
1611428186.585331,534,322,337,568,228,228,217,226,226
1611428186.595364,512,326,336,570,227,228,215,227,223
1611428186.605134,514,326,336,573,221,225,218,226,225
1611428186.615083,480,330,336,562,229,228,218,226,225
1611428186.62551,512,325,333,566,228,227,217,227,226
1611428186.635121,529,329,338,570,226,226,218,225,226
1611428186.644898,516,325,339,565,227,224,214,226,226
1611428186.65516,525,318,330,565,226,222,212,226,226
1611428186.665013,528,328,336,570,228,224,213,226,226
1611428186.675063,522,322,336,571,228,227,218,226,221
1611428186.685258,534,323,333,570,227,228,214,225,222
1611428186.695147,534,317,332,571,227,226,218,223,226
1611428186.705276,522,322,331,578,228,223,218,224,226
1611428186.715264,512,326,336,583,228,226,218,227,225
1611428186.725104,521,325,336,576,226,227,217,226,226
1611428186.735201,528,322,333,578,227,227,218,225,225
1611428186.745084,528,324,331,581,228,222,215,226,226
1611428186.755021,528,317,330,592,227,227,217,222,222
1611428186.765303,514,322,322,562,226,226,217,226,226
1611428186.775229,522,315,327,579,221,226,218,226,226
1611428186.785111,533,314,322,573,226,226,218,226,226
1611428186.794731,523,313,314,568,226,226,218,227,225
1611428186.805199,514,309,322,578,226,223,215,226,226
1611428186.815148,512,314,317,581,227,226,217,227,226
1611428186.825103,512,309,325,585,226,226,218,226,226
1611428186.835115,512,309,325,592,228,227,212,225,226
1611428186.844989,512,312,325,596,226,226,218,227,225
1611428186.855232,517,314,322,597,228,221,218,225,226
1611428186.865299,512,313,322,594,225,226,217,227,226
1611428186.874972,480,312,322,593,227,226,218,222,224
1611428186.885007,512,311,324,599,227,228,218,222,222
1611428186.895082,477,317,324,608,226,226,218,227,225
1611428186.905255,486,314,325,626,227,227,217,227,222
1611428186.915339,440,323,338,641,226,226,217,225,224
1611428186.925065,512,322,338,640,227,226,217,226,221
1611428186.934912,493,327,337,640,226,228,218,226,226
1611428186.945666,486,325,338,640,225,224,217,225,226
1611428186.954956,465,327,336,640,226,225,218,222,226
1611428186.965252,477,322,337,650,226,227,213,226,226
1611428186.975036,485,328,336,642,226,225,218,226,225
1611428186.985221,490,325,338,645,226,222,215,226,225
1611428186.995149,478,325,336,622,226,228,217,226,225
1611428187.005046,480,325,336,621,228,227,212,225,226
1611428187.015136,477,325,336,640,226,226,218,226,223
1611428187.025138,485,322,336,642,223,225,217,226,226
1611428187.035629,485,325,336,674,228,227,213,225,226
1611428187.045145,493,324,336,656,227,227,218,221,222
1611428187.055359,472,322,333,648,223,226,218,227,226
1611428187.065146,512,326,336,672,221,222,216,227,226
1611428187.074901,512,322,330,640,226,227,218,227,225
1611428187.085264,486,326,336,672,225,224,213,226,226
1611428187.095358,458,326,337,720,226,225,215,226,222
1611428187.104968,450,329,336,730,227,226,217,222,224
1611428187.115498,394,328,340,666,227,227,215,222,223
1611428187.125064,331,320,333,816,226,226,218,225,226
1611428187.134968,331,320,333,570,226,226,218,226,221
1611428187.145399,330,323,336,578,227,225,218,222,222
1611428187.155362,328,325,337,545,221,225,218,225,226
1611428187.165193,333,325,336,568,222,223,216,226,226
1611428187.175129,333,325,337,552,227,226,212,225,225
1611428187.184974,330,325,329,528,221,226,216,226,222
1611428187.195721,333,326,331,546,226,226,216,226,225
1611428187.205088,330,324,336,529,225,226,214,226,226
1611428187.214809,331,328,336,546,225,225,218,227,224
1611428187.225564,331,328,338,512,226,224,218,225,224
1611428187.235455,330,325,338,512,226,222,216,224,225
1611428187.245106,336,323,336,512,226,226,213,225,225
1611428187.254992,333,325,336,512,225,226,218,226,225
1611428187.264972,330,328,340,512,225,226,216,223,226
1611428187.275347,336,329,338,512,226,226,217,226,222
1611428187.28483,336,327,338,519,222,223,217,223,225
1611428187.29493,333,326,341,512,220,224,217,226,225
1611428187.305509,326,325,336,536,224,222,216,223,222
1611428187.31536,330,326,332,512,225,225,217,226,225
1611428187.325158,333,328,337,512,225,226,217,225,224
1611428187.335056,331,323,331,513,227,226,217,221,224
1611428187.344873,325,322,333,522,226,227,215,225,224
1611428187.355503,329,322,331,514,222,224,216,226,225
1611428187.365342,325,321,331,533,226,226,217,225,225
1611428187.375539,328,323,338,512,226,226,213,224,225
1611428187.385048,330,322,336,532,225,226,217,226,226
1611428187.395056,330,319,331,544,226,226,214,223,224
1611428187.404876,329,321,331,578,225,225,218,226,225
1611428187.415037,322,322,333,487,227,227,216,226,225
1611428187.425297,328,322,330,512,225,222,215,226,226
1611428187.435172,322,319,330,480,226,225,217,226,225
1611428187.445548,325,320,330,484,226,226,213,223,225
1611428187.455058,326,317,325,512,226,226,217,226,223
1611428187.465234,328,322,333,514,226,227,212,225,225
1611428187.47521,330,320,327,532,226,226,216,225,225
1611428187.485345,322,322,327,533,226,226,216,225,226
1611428187.494843,325,322,331,512,225,226,217,225,222
1611428187.505327,327,322,332,528,226,226,214,222,225
1611428187.515266,330,325,333,484,226,226,215,226,224
1611428187.525222,330,320,330,469,225,226,213,225,223
1611428187.535021,329,321,331,512,226,226,216,225,224
1611428187.545216,330,322,327,514,226,226,216,225,226
1611428187.555215,328,325,333,533,226,226,218,223,223
1611428187.565067,329,325,336,538,221,225,216,225,226
1611428187.575182,329,320,333,534,227,226,217,226,221
1611428187.585303,328,321,333,548,224,225,217,226,225
1611428187.595139,330,315,328,550,223,226,216,226,224
1611428187.605061,325,325,330,533,226,225,217,226,225
1611428187.615449,330,325,333,533,225,226,216,226,222
1611428187.625102,330,325,336,517,226,226,217,224,221
1611428187.635026,330,323,337,569,226,225,217,225,224
1611428187.644829,325,325,328,528,225,225,216,226,224
1611428187.655252,329,321,330,512,226,225,218,226,225
1611428187.665523,329,321,337,512,221,225,217,225,223
1611428187.675435,328,325,336,512,226,226,217,225,225
1611428187.685269,330,317,341,512,226,225,211,225,225
1611428187.694796,338,331,338,517,221,221,210,226,224
1611428187.705644,333,325,340,512,225,226,217,224,223
1611428187.715038,330,328,337,512,226,227,218,225,223
1611428187.725015,328,331,341,512,221,225,216,225,226
1611428187.735012,336,328,340,514,226,225,218,226,224
1611428187.745122,331,325,341,532,226,226,212,224,224
1611428187.75511,332,331,338,518,226,225,212,221,224
1611428187.765031,336,333,333,512,226,226,216,225,226
1611428187.77537,336,328,338,513,221,221,216,226,226
1611428187.785454,333,323,337,512,225,226,218,225,221
1611428187.7948,331,325,341,512,222,223,216,225,226
1611428187.804912,333,326,336,512,224,226,217,225,225
1611428187.815138,330,328,336,512,226,226,217,225,225
1611428187.825096,336,319,337,522,227,226,211,224,225
1611428187.835134,336,326,338,512,226,226,218,222,225
1611428187.844949,336,329,333,512,225,226,217,226,225
1611428187.855086,336,330,340,517,225,226,211,225,225
1611428187.865136,328,326,337,512,226,226,213,223,225
1611428187.874833,328,324,338,512,226,226,217,226,225
1611428187.88548,331,326,338,512,226,225,212,223,225
1611428187.895149,333,320,338,535,221,222,215,224,226
1611428187.905063,330,323,337,530,221,225,216,226,225
1611428187.914983,333,324,336,519,227,226,217,225,221
1611428187.925138,325,326,333,522,226,225,216,221,223
1611428187.934992,331,325,336,530,221,226,217,225,221
1611428187.944914,325,320,337,566,225,226,218,222,224
1611428187.955347,323,325,336,512,225,226,217,225,223
1611428187.965122,331,326,336,512,226,226,212,224,225
1611428187.975264,333,320,330,512,226,221,213,224,224
1611428187.985005,331,324,333,512,226,225,217,226,219
1611428187.994791,333,325,338,522,225,226,215,226,224
1611428188.005183,333,325,340,530,223,225,217,221,221
1611428188.015235,333,326,337,549,222,223,216,224,225
1611428188.025315,336,326,340,538,222,225,217,226,224
1611428188.035093,328,325,336,528,221,221,212,225,225
1611428188.04535,333,326,338,544,225,226,216,222,223
1611428188.055304,333,327,338,533,225,226,217,225,225
1611428188.065476,333,320,333,530,226,225,216,226,223
1611428188.074773,329,326,336,528,226,226,216,224,225
1611428188.085096,333,328,333,535,223,226,217,225,219
1611428188.094977,326,322,336,522,226,227,216,226,225
1611428188.105029,333,328,338,525,226,223,215,223,226
1611428188.115408,337,330,338,528,226,226,213,221,223
1611428188.12526,326,322,340,534,226,226,217,223,222
1611428188.13517,336,325,338,532,223,222,217,226,225
1611428188.145006,331,330,333,512,225,225,215,226,220
1611428188.155211,327,330,341,512,224,224,218,224,224
1611428188.165409,333,330,340,512,222,225,217,224,224
1611428188.175457,333,330,338,481,225,225,214,223,225
1611428188.185377,331,326,337,484,226,226,216,221,225
1611428188.195299,333,328,340,490,225,222,214,224,224
1611428188.205392,328,325,338,485,221,225,215,225,221
1611428188.215215,331,328,338,482,226,223,213,223,224
1611428188.224957,336,330,340,493,223,226,215,226,223
1611428188.235028,333,328,338,512,226,226,214,225,223
1611428188.245084,333,322,331,486,226,226,216,225,223
1611428188.255259,333,330,336,490,226,225,215,225,225
1611428188.265161,328,330,331,512,225,224,215,225,225
1611428188.27567,336,329,340,468,222,222,217,226,225
1611428188.285487,336,323,336,468,225,221,215,224,224
1611428188.294995,333,330,338,472,226,226,217,226,222
1611428188.305034,328,326,337,493,221,224,216,226,224
1611428188.31521,331,325,340,494,224,225,217,223,225
1611428188.325144,333,328,337,472,226,226,217,220,224
1611428188.335162,330,326,333,474,225,226,217,225,225
1611428188.345193,333,321,340,474,226,226,217,221,223
1611428188.355841,331,328,337,472,223,226,217,225,224
1611428188.365194,333,325,330,469,225,224,216,225,224
1611428188.374753,331,321,337,472,225,225,216,226,225
1611428188.38518,330,320,336,475,225,225,216,223,222
1611428188.3953,325,324,330,474,225,226,212,222,225
1611428188.405074,322,321,330,474,225,226,211,223,225
1611428188.415138,325,321,331,475,224,225,217,224,224
1611428188.425106,322,323,336,512,219,224,216,224,223
1611428188.434982,330,325,336,480,222,226,216,225,222
1611428188.445051,330,325,336,484,221,223,215,225,221
1611428188.454985,328,318,330,485,222,224,214,223,223
1611428188.465207,319,325,330,490,222,224,215,223,223
1611428188.474751,325,325,324,481,221,222,215,221,219
1611428188.485003,322,320,330,491,221,219,213,223,221
1611428188.495294,322,322,322,471,221,222,214,223,221
1611428188.506124,322,317,326,469,219,222,213,221,219
1611428188.515148,318,318,328,466,216,219,212,221,221
1611428188.525004,318,315,325,464,218,221,210,220,221
1611428188.535041,314,317,325,482,215,221,210,221,221
1611428188.54523,317,315,323,482,214,219,212,221,219
1611428188.555374,314,317,322,470,215,218,209,221,216
1611428188.565216,312,314,322,469,213,218,212,221,217
1611428188.575217,306,314,318,470,213,216,212,220,217
1611428188.585049,311,310,315,465,211,217,210,218,214
1611428188.594893,306,306,315,468,210,216,210,219,214
1611428188.605204,306,309,314,484,209,212,205,217,213
1611428188.614893,306,307,313,512,208,213,205,215,211
1611428188.625592,304,306,312,482,208,212,206,213,211
1611428188.635061,305,306,310,465,208,211,205,213,212
1611428188.644859,305,306,315,480,206,208,203,214,210
1611428188.654817,309,309,315,471,206,208,202,214,210
1611428188.665346,305,308,318,473,206,209,202,213,210
1611428188.675291,309,310,317,468,207,209,201,211,211
1611428188.685691,309,312,320,470,206,208,201,210,211
1611428188.695439,309,313,318,482,205,209,202,212,210
1611428188.705381,308,309,317,477,205,208,201,212,211
1611428188.715328,302,306,313,517,206,208,198,212,210
1611428188.725091,304,305,314,512,205,207,200,213,210
1611428188.735069,302,309,314,481,205,208,200,213,210
1611428188.745545,302,304,310,477,203,207,200,212,210
1611428188.755577,298,306,310,456,205,206,199,210,209
1611428188.764897,299,306,311,456,205,207,200,211,209
1611428188.775732,299,301,309,443,205,206,200,212,209
1611428188.78522,301,302,309,450,205,205,199,212,208
1611428188.795128,298,305,308,461,205,205,198,212,210
1611428188.805164,302,306,311,458,204,205,197,211,210
1611428188.815253,301,308,310,450,203,205,200,210,210
1611428188.825563,298,301,310,458,202,204,198,212,209
1611428188.835223,299,304,309,453,203,205,199,211,208
1611428188.845374,299,299,305,442,202,206,199,209,208
1611428188.854999,300,301,304,450,203,205,200,210,207
1611428188.86533,294,297,301,433,202,204,198,212,208
1611428188.874749,294,301,306,432,202,205,200,211,207
1611428188.884692,296,302,307,438,201,204,200,212,208
1611428188.894946,296,301,306,438,201,205,200,211,209
1611428188.904735,298,301,306,434,202,205,200,212,208
1611428188.91521,297,301,306,433,202,204,200,212,210
1611428188.925024,298,299,301,437,202,204,200,211,208
1611428188.935163,294,300,305,432,202,205,201,210,206
1611428188.945686,297,303,306,437,201,205,201,210,209
1611428188.955028,296,301,305,438,202,205,200,210,208
1611428188.964944,298,301,306,421,202,205,198,210,208
1611428188.975432,296,301,305,411,202,205,197,212,209
1611428188.98532,298,305,308,416,202,205,199,211,209
1611428188.995166,297,302,306,405,201,204,200,210,208
1611428189.004932,296,303,305,400,201,204,198,212,208
1611428189.015238,293,304,304,426,202,205,198,211,208
1611428189.024907,293,304,304,386,202,206,198,208,208
1611428189.034927,291,304,299,362,202,203,198,212,207
1611428189.044981,285,302,298,326,201,205,197,210,208
1611428189.055006,288,302,293,301,202,205,196,211,208
1611428189.0652,280,299,288,298,201,205,197,210,205
1611428189.07496,276,298,274,266,201,205,196,211,207
1611428189.08501,261,293,257,270,200,205,197,210,205
1611428189.094963,244,288,234,270,198,205,197,209,204
1611428189.105278,234,291,214,266,197,205,197,210,202
1611428189.115541,222,290,197,260,198,205,197,208,201
1611428189.125682,208,288,168,258,195,205,194,209,200
1611428189.135316,197,289,146,256,194,204,196,208,199
1611428189.145016,182,282,129,256,194,204,197,209,197
1611428189.155139,173,281,119,256,193,203,197,209,194
1611428189.165143,162,282,108,262,192,205,197,208,193
1611428189.175238,149,277,107,262,192,204,196,207,189
1611428189.185384,136,277,102,314,191,202,196,208,187
1611428189.195079,128,274,97,285,189,202,197,208,183
1611428189.205311,119,272,96,314,189,202,197,206,177
1611428189.215155,109,272,89,311,189,202,196,206,173
1611428189.225474,109,272,93,314,187,202,196,206,168
1611428189.235038,106,272,91,306,186,202,197,205,161
1611428189.245349,99,266,89,317,185,201,196,205,153
1611428189.255298,98,268,91,357,183,202,197,203,143
1611428189.264936,93,264,98,384,178,201,196,202,126
1611428189.27521,89,266,132,406,172,200,197,201,101
1611428189.285117,84,272,178,438,162,199,197,197,82
1611428189.29494,80,277,229,454,151,198,197,196,71
1611428189.305366,78,282,256,469,139,194,194,193,62
1611428189.315177,75,288,272,465,122,188,196,189,55
1611428189.325262,82,291,282,480,98,168,195,186,51
1611428189.335137,106,293,291,490,77,133,193,187,60
1611428189.345375,157,298,298,485,66,81,189,194,120
1611428189.355534,221,302,306,512,55,57,184,203,170
1611428189.365093,246,304,309,490,49,47,180,207,186
1611428189.375007,262,302,309,512,48,50,181,211,194
1611428189.384882,272,302,308,512,47,78,185,212,201
1611428189.395095,277,309,314,490,59,130,189,213,203
1611428189.405223,279,309,313,512,75,157,193,213,206
1611428189.415374,288,304,314,512,91,167,196,215,206
1611428189.42542,288,308,315,512,106,173,196,213,205
1611428189.435722,290,309,315,477,119,177,197,217,209
1611428189.445121,290,306,317,486,128,180,198,214,208
1611428189.455054,290,310,314,485,133,181,198,215,208
1611428189.465077,290,309,316,488,136,181,196,216,210
1611428189.475087,290,309,315,512,138,183,197,213,209
1611428189.485179,290,306,312,482,136,182,198,216,209
1611428189.495364,290,306,314,490,132,181,198,216,209
1611428189.505555,290,306,313,481,128,179,197,216,208
1611428189.515173,288,309,314,488,121,176,198,217,209
1611428189.525014,288,309,313,488,112,173,196,215,208
1611428189.535089,288,307,312,488,102,169,195,214,207
1611428189.545306,283,304,310,512,92,164,193,214,202
1611428189.555441,277,306,313,488,79,159,189,210,202
1611428189.564732,274,306,310,482,67,151,188,211,199
1611428189.575191,262,303,308,470,57,149,189,209,194
1611428189.584907,250,304,305,466,67,171,191,208,191
1611428189.595199,232,301,302,453,80,192,196,208,187
1611428189.605089,195,301,298,458,137,202,198,208,192
1611428189.614821,200,298,301,485,186,206,200,210,197
1611428189.625011,258,304,296,488,201,208,201,212,204
1611428189.635057,289,305,304,456,203,205,200,213,206
1611428189.644877,295,302,309,464,202,206,203,212,208
1611428189.655414,296,304,310,464,202,208,205,213,209
1611428189.665751,298,305,312,475,202,210,206,215,210
1611428189.675411,298,308,312,474,205,214,208,217,213
1611428189.685271,305,312,314,469,210,217,208,218,215
1611428189.695002,306,309,318,488,215,217,208,218,216
1611428189.705047,311,310,321,512,215,216,209,218,218
1611428189.715465,309,311,317,488,215,218,211,221,218
1611428189.725296,313,314,317,485,217,220,212,219,221
1611428189.735334,314,312,325,490,219,222,214,219,221
1611428189.745103,317,312,325,512,221,222,213,225,219
1611428189.755151,320,317,328,512,222,223,213,223,223
1611428189.764798,324,315,326,490,224,226,216,223,221
1611428189.775224,322,313,323,488,225,226,218,225,225
1611428189.785384,322,317,327,512,226,226,217,220,223
1611428189.794997,324,317,329,512,226,227,216,226,225
1611428189.804926,323,317,330,485,226,226,215,225,221
1611428189.815365,319,318,330,512,226,226,216,224,224
1611428189.825228,325,320,325,512,226,226,215,225,225
1611428189.834921,325,321,329,512,224,225,211,221,225
1611428189.84511,325,318,328,490,225,225,215,225,226
1611428189.854891,325,317,330,512,226,226,215,225,221
1611428189.865379,318,316,328,489,222,225,215,225,225
1611428189.875324,325,316,326,485,226,225,217,225,221
1611428189.885422,324,317,326,482,226,226,217,221,223
1611428189.895234,322,317,325,484,226,226,210,224,223
1611428189.905222,322,317,330,512,226,220,213,225,225
1611428189.915372,320,317,326,486,225,225,216,225,226
1611428189.92551,322,314,325,485,226,225,215,225,225
1611428189.9354,320,314,328,490,223,225,215,226,224
1611428189.945279,320,314,329,512,225,226,216,221,222
1611428189.955174,322,317,327,512,226,225,215,225,223
1611428189.965401,320,317,330,512,225,225,215,223,223
1611428189.975211,325,320,327,512,221,224,216,223,225
1611428189.984976,324,317,326,493,226,226,217,225,224
1611428189.995303,321,318,330,512,220,225,217,224,224
1611428190.005378,325,314,330,512,225,224,217,225,224
1611428190.015144,321,318,329,512,226,222,212,224,223
1611428190.025333,325,318,331,512,223,225,217,225,224
1611428190.035039,321,317,324,512,226,226,215,223,224
1611428190.045051,322,316,326,512,226,226,214,222,225
1611428190.055435,317,319,326,517,225,225,215,225,221
1611428190.065204,322,318,326,512,226,226,211,223,225
1611428190.075018,323,315,325,512,225,227,216,222,223
1611428190.085123,323,317,330,512,225,226,216,221,221
1611428190.095067,318,317,326,493,224,221,215,224,225
1611428190.105824,321,313,328,490,225,225,216,226,221
1611428190.115079,324,314,325,488,221,221,215,223,224
1611428190.124843,324,318,324,493,225,225,216,225,225
1611428190.134781,324,320,325,512,225,226,214,225,226
1611428190.145003,325,318,329,512,225,226,216,223,223
1611428190.155268,317,320,322,512,226,226,216,225,226
1611428190.165039,325,318,330,512,225,226,214,223,224
1611428190.175542,325,317,330,529,225,226,217,224,222
1611428190.185209,325,321,331,517,225,225,217,225,224
1611428190.194981,325,317,331,520,225,226,216,222,222
1611428190.205192,324,314,330,530,225,225,217,226,221
1611428190.215065,322,321,330,528,224,226,215,222,225
1611428190.225289,322,319,329,514,225,225,216,221,223
1611428190.235111,325,319,327,522,226,226,217,221,221
1611428190.245295,325,321,325,538,225,225,215,225,225
1611428190.255245,322,318,325,532,226,226,212,222,224
1611428190.264972,320,315,325,530,226,225,215,222,223
1611428190.275445,321,314,328,522,221,222,215,225,226
1611428190.285137,314,310,326,538,226,226,216,221,225
1611428190.295435,324,317,329,516,225,226,212,225,224
1611428190.305244,320,316,328,512,226,226,216,221,223
1611428190.31491,320,309,320,512,226,223,215,226,225
1611428190.325028,318,309,324,514,226,226,216,225,222
1611428190.335263,319,313,322,517,225,226,217,224,219
1611428190.345277,318,314,325,512,222,223,216,225,224
1611428190.354987,316,314,322,512,226,222,212,226,224
1611428190.364765,320,312,321,512,226,226,217,222,225
1611428190.374881,320,317,326,512,226,225,215,225,225
1611428190.384973,314,313,325,512,226,225,216,221,223
1611428190.395196,321,313,321,512,226,226,216,223,225
1611428190.40524,320,313,318,512,225,225,216,225,226
1611428190.415116,314,312,322,512,225,226,217,225,221
1611428190.424825,318,314,323,512,226,226,217,225,224
1611428190.435356,321,313,324,512,226,226,217,223,221
1611428190.445435,320,314,324,512,223,225,214,224,224
1611428190.45507,320,311,323,512,226,225,216,222,223
1611428190.465153,320,312,323,488,225,225,217,226,223
1611428190.475283,317,312,321,512,226,225,215,226,223
1611428190.485376,314,314,322,489,225,226,214,224,223
1611428190.495159,317,314,321,512,226,226,216,225,225
1611428190.505533,313,314,320,512,225,224,216,225,222
1611428190.515074,321,313,322,512,226,226,217,225,225
1611428190.525643,314,314,325,512,225,225,215,225,221
1611428190.534992,317,311,323,512,226,227,216,225,221
1611428190.545066,320,314,325,512,226,226,216,224,225
1611428190.555231,320,314,324,512,226,222,214,224,225
1611428190.565148,318,314,324,512,225,226,216,224,226
1611428190.57551,318,309,317,512,226,227,216,221,221
1611428190.585118,317,309,322,512,224,226,217,226,224
1611428190.594864,317,310,322,512,226,226,218,224,221
1611428190.605037,318,311,322,512,223,225,215,226,225
1611428190.614934,317,314,324,513,226,221,217,226,225
1611428190.624976,317,312,317,512,226,226,216,225,226
1611428190.635079,312,314,325,512,226,226,214,224,224
1611428190.644991,315,314,323,512,226,226,217,221,223
1611428190.65522,317,314,322,512,225,226,217,225,225
1611428190.665206,318,311,321,512,225,225,216,224,221
1611428190.675096,317,312,320,512,225,226,213,224,225
1611428190.685101,318,314,322,520,224,226,217,225,224
1611428190.694969,319,314,325,545,226,225,217,223,222
1611428190.705133,318,313,323,544,225,226,214,224,225
1611428190.715263,317,314,322,520,223,222,215,226,225
1611428190.724992,317,305,322,528,223,226,215,224,225
1611428190.735308,314,314,322,549,226,226,218,225,223
1611428190.745195,318,312,321,554,225,226,216,225,223
1611428190.754777,319,315,323,535,226,227,218,226,225
1611428190.765358,318,314,314,512,225,226,217,225,221
1611428190.775307,314,310,317,477,226,226,215,226,225
1611428190.785116,317,310,320,474,225,226,215,224,223
1611428190.795193,316,312,322,470,225,226,217,224,226
1611428190.805426,316,308,317,475,226,226,216,225,221
1611428190.815355,315,311,318,484,226,224,216,224,225
1611428190.825123,314,311,320,485,226,226,217,224,221
1611428190.835478,317,312,323,482,225,226,215,225,226
1611428190.845143,320,314,324,481,224,225,216,225,225
1611428190.855021,320,314,318,482,225,226,217,226,225
1611428190.864924,319,312,322,485,226,225,216,226,225
1611428190.875094,321,315,328,512,221,226,217,226,223
1611428190.885054,314,315,326,512,226,225,215,226,226
1611428190.895016,320,317,325,512,226,222,215,225,226
1611428190.904778,318,314,326,512,223,226,217,224,224
1611428190.915099,314,317,328,512,225,221,214,224,223
1611428190.92512,323,317,326,512,225,226,215,221,224
1611428190.935062,321,314,326,489,225,226,217,222,223
1611428190.945172,321,315,325,488,225,226,216,224,222
1611428190.955454,317,318,328,492,223,224,216,225,225
1611428190.965218,324,315,330,490,226,225,216,221,223
1611428190.975793,326,320,330,488,224,226,217,225,225
1611428190.985155,320,320,326,484,226,226,217,226,226
1611428190.995281,322,320,334,512,222,224,216,226,225
1611428191.005173,324,319,330,512,226,226,214,225,225
1611428191.014954,325,317,328,512,226,226,217,225,222
1611428191.025058,329,314,330,490,223,225,217,226,224
1611428191.035034,325,317,328,512,226,225,215,225,225
1611428191.045217,327,320,330,512,221,222,215,226,225
1611428191.055145,325,317,329,512,223,223,215,225,226
1611428191.065315,325,320,330,512,225,225,215,225,226
1611428191.075298,326,317,325,512,224,225,216,224,225
1611428191.085219,325,320,325,512,226,226,216,225,226
1611428191.095038,322,318,331,512,221,226,217,226,224
1611428191.105131,324,314,330,512,225,227,218,226,224
1611428191.115219,326,320,331,512,222,221,216,225,226
1611428191.12531,325,317,328,512,225,226,217,225,225
1611428191.134982,320,318,330,512,225,225,215,226,226
1611428191.145038,325,322,328,512,225,226,217,226,221
1611428191.155096,325,321,330,512,226,226,216,225,226
1611428191.164886,322,320,330,512,226,226,214,222,225
1611428191.175238,325,321,329,512,226,223,215,226,226
1611428191.184958,325,320,333,512,226,225,212,225,226
1611428191.194939,329,317,330,513,226,225,213,226,226
1611428191.204958,328,318,333,512,226,226,217,224,222
1611428191.215121,325,315,325,512,221,221,216,226,226
1611428191.225401,318,319,331,515,225,226,214,224,224
1611428191.235191,322,322,331,512,226,226,212,223,225
1611428191.244897,328,322,324,514,226,223,212,225,225
1611428191.255599,328,320,330,513,226,225,213,224,224
1611428191.265257,326,314,328,513,226,226,216,226,221
1611428191.275142,325,321,331,517,226,227,214,225,225
1611428191.284842,325,321,330,522,226,227,217,226,221
1611428191.295306,325,321,330,555,226,225,218,225,224
1611428191.305132,325,317,331,464,225,226,217,221,223
1611428191.31499,325,320,331,453,225,221,215,226,225
1611428191.32508,325,319,333,451,226,226,218,226,221
1611428191.335243,325,322,333,446,221,223,216,226,224
1611428191.344953,325,319,330,449,226,226,217,225,226
1611428191.355273,325,320,330,445,224,225,216,225,226
1611428191.365075,325,318,326,446,222,221,217,226,222
1611428191.374753,324,318,322,448,226,226,216,226,226
1611428191.384865,323,318,330,450,226,226,218,221,224
1611428191.395485,325,317,327,437,226,227,218,223,222
1611428191.405316,323,314,325,449,226,226,215,225,226
1611428191.415269,323,318,328,445,226,226,218,225,221
1611428191.425173,322,320,330,450,226,224,217,220,224
1611428191.435139,324,315,330,450,225,226,218,226,219
1611428191.444915,320,320,331,453,226,226,216,225,225
1611428191.455141,330,314,330,452,226,225,217,226,221
1611428191.46524,326,322,327,445,226,225,217,225,225
1611428191.475426,321,322,331,452,225,225,216,223,223
1611428191.485314,325,321,329,445,225,227,215,225,225
1611428191.495221,320,317,325,445,222,226,217,225,225
1611428191.50517,322,320,330,450,226,226,210,224,225
1611428191.515054,322,319,330,445,225,223,212,226,225
1611428191.525289,321,319,328,442,225,227,216,225,226
1611428191.535165,322,318,325,437,226,226,216,226,225
1611428191.544974,325,322,330,443,226,226,217,224,226
1611428191.555333,323,320,328,442,227,226,217,221,225
1611428191.564965,325,314,330,442,226,225,213,223,226
1611428191.574973,325,321,331,437,225,222,217,225,224
1611428191.584824,324,320,330,442,225,226,218,226,225
1611428191.595004,322,318,330,434,222,223,217,225,224
1611428191.605594,319,314,328,434,225,226,217,226,219
1611428191.615382,325,320,326,432,223,224,215,225,225
1611428191.625206,320,317,328,436,223,223,216,225,226
1611428191.635363,325,320,330,442,222,222,217,225,223
1611428191.645182,326,317,333,444,225,226,217,224,222
1611428191.654894,320,317,330,440,226,226,216,222,224
1611428191.665002,325,318,330,445,225,222,214,225,224
1611428191.675094,330,324,333,442,224,226,217,224,224
1611428191.685084,330,317,334,445,226,226,217,226,221
1611428191.694886,330,324,336,442,226,228,216,224,224
1611428191.705005,325,324,326,442,226,226,217,224,224
1611428191.715051,322,322,333,442,226,226,218,223,221
1611428191.725239,325,318,336,443,226,226,217,226,224
1611428191.735257,328,322,333,442,225,226,218,221,223
1611428191.745275,328,322,333,437,226,225,218,223,225
1611428191.755283,328,325,330,445,226,225,211,226,221
1611428191.765319,330,326,336,441,225,227,216,225,225
1611428191.775406,330,323,336,445,225,226,216,223,226
1611428191.785306,329,322,336,437,223,226,217,226,225
1611428191.795288,330,322,333,446,221,225,214,225,221
1611428191.805065,329,322,333,445,225,226,217,221,222
1611428191.815438,329,324,336,442,226,226,217,224,225
1611428191.825239,328,326,336,447,224,225,217,224,226
1611428191.835367,323,320,331,440,225,226,213,225,226
1611428191.844915,328,322,331,442,226,227,217,221,225
1611428191.855031,329,319,330,445,226,226,213,225,224
1611428191.865037,328,322,333,443,226,227,213,222,225
1611428191.87529,330,319,328,441,226,226,216,225,226
1611428191.885026,325,325,326,445,226,226,217,225,226
1611428191.895166,330,325,336,445,226,226,217,224,223
1611428191.905098,328,321,331,442,222,225,217,225,225
1611428191.915214,330,323,333,445,223,223,216,225,226
1611428191.925224,322,322,330,438,222,222,213,225,220
1611428191.935057,326,321,329,443,226,227,217,222,225
1611428191.94499,325,320,331,445,226,226,217,226,222
1611428191.95528,327,321,333,441,226,222,217,225,226
1611428191.965087,323,322,331,442,226,227,217,225,224
1611428191.975102,325,321,330,442,226,222,214,224,226
1611428191.985075,325,319,331,440,227,226,218,226,221
1611428191.995168,321,322,330,438,226,222,215,225,225
1611428192.004939,325,321,336,442,226,225,218,226,225
1611428192.015104,328,324,334,445,226,225,212,225,225
1611428192.025487,325,318,336,442,226,226,217,225,225
1611428192.035426,326,323,336,444,226,226,213,225,224
1611428192.045298,330,322,332,442,227,221,214,225,226
1611428192.054991,328,322,336,437,227,221,213,226,225
1611428192.065517,327,322,325,442,226,222,215,226,226
1611428192.075742,325,323,330,445,226,225,218,226,225
1611428192.085249,330,320,326,442,226,226,217,225,226
1611428192.095177,330,321,332,442,226,226,218,226,226
1611428192.105204,326,320,333,442,226,227,217,224,222
1611428192.115167,322,322,333,442,226,227,218,225,225
1611428192.12533,322,325,333,436,225,226,218,226,225
1611428192.134853,330,325,336,445,227,226,218,225,225
1611428192.144831,329,325,336,445,226,228,212,225,225
1611428192.155037,322,325,333,445,223,223,215,226,224
1611428192.164918,328,323,336,445,223,224,218,226,226
1611428192.174958,330,325,333,446,226,225,217,225,226
1611428192.185303,332,325,330,442,226,227,218,225,225
1611428192.195364,330,325,337,445,221,222,217,225,226
1611428192.205131,330,326,337,442,225,226,218,226,225
1611428192.214799,330,315,331,450,221,225,218,226,225
1611428192.224884,328,318,328,442,221,221,217,226,226
1611428192.235065,328,325,333,437,225,226,218,225,226
1611428192.245271,325,321,330,445,226,226,218,226,223
1611428192.254745,321,323,336,442,226,226,217,223,225
1611428192.265176,325,321,333,442,226,225,217,226,225
1611428192.274964,329,321,333,449,227,226,215,224,225
1611428192.28505,328,322,336,446,225,227,217,224,225
1611428192.295208,331,323,333,441,226,227,218,226,224
1611428192.305635,326,322,333,445,227,225,217,226,226
1611428192.315372,326,322,331,442,226,227,217,225,221
1611428192.325164,328,321,330,443,226,226,217,221,225
1611428192.335032,330,324,332,442,226,226,218,226,222
1611428192.345181,322,322,333,446,227,227,218,222,223
1611428192.354988,328,315,325,442,225,227,218,226,223
1611428192.365006,328,322,330,438,227,227,217,226,226
1611428192.375166,330,324,336,442,226,225,218,226,225
1611428192.385167,326,321,331,441,227,228,218,223,223
1611428192.394869,328,320,331,439,225,226,218,225,225
1611428192.404951,321,322,333,442,221,224,216,226,226
1611428192.414912,329,325,333,439,226,226,218,223,225
1611428192.425264,328,322,333,445,221,226,218,225,226
1611428192.435109,326,325,333,445,223,225,217,226,225
1611428192.445297,326,321,333,442,227,226,216,222,226
1611428192.454896,322,321,333,442,227,226,213,222,225
1611428192.465231,329,325,336,440,223,226,218,226,226
1611428192.475445,330,320,331,443,228,221,215,225,225
1611428192.485231,328,322,336,445,227,226,215,224,226
1611428192.494936,325,324,330,438,226,227,218,225,226
1611428192.504696,327,325,333,442,226,226,217,225,225
1611428192.51476,328,325,336,438,227,222,216,225,225
1611428192.525387,330,324,333,438,226,227,218,225,226
1611428192.534869,323,325,333,442,226,227,218,226,221
1611428192.544937,330,325,330,438,226,228,217,224,224
1611428192.554869,330,325,331,442,227,227,215,223,225
1611428192.565117,330,325,336,445,224,225,218,225,223
1611428192.575006,331,325,336,448,228,225,212,225,226
1611428192.585297,330,325,336,445,226,227,213,223,225
1611428192.595059,330,325,336,445,226,228,213,225,225
1611428192.605291,330,326,336,443,226,227,216,225,225
1611428192.614982,330,326,336,444,227,228,215,224,224
1611428192.625211,328,322,331,448,227,227,218,226,226
1611428192.635247,330,328,338,442,223,226,218,226,225
1611428192.644886,325,322,333,442,226,227,217,225,225
1611428192.65507,327,322,333,436,226,226,217,226,226
1611428192.665103,330,320,333,437,226,227,217,221,225
1611428192.67492,330,324,336,440,226,226,218,224,224
1611428192.685132,325,321,333,442,221,222,217,226,226
1611428192.695207,328,322,334,443,226,221,215,226,226
1611428192.705232,322,322,336,437,227,226,214,226,226
1611428192.71554,328,321,333,437,226,228,218,226,221
1611428192.725345,329,317,328,437,227,226,215,226,226
1611428192.735059,322,322,328,436,225,227,218,226,225
1611428192.744846,321,323,333,436,226,226,218,226,226
1611428192.755188,326,322,334,438,227,221,215,226,226
1611428192.765164,326,322,331,438,222,221,217,226,224
1611428192.774991,320,322,334,440,227,228,213,224,225
1611428192.785106,325,320,333,442,226,226,218,225,221
1611428192.795251,329,321,333,436,226,227,218,225,223
1611428192.805537,328,322,336,442,225,227,216,226,225
1611428192.814768,329,324,333,439,222,225,217,226,226
1611428192.825623,331,324,336,440,227,226,216,225,226
1611428192.83522,330,320,333,443,227,227,218,226,222
1611428192.845188,331,325,336,442,226,223,218,226,225
1611428192.854903,331,325,336,442,226,227,218,224,223
1611428192.86534,329,325,336,438,226,226,217,226,226
1611428192.875122,330,325,336,433,225,226,218,225,226
1611428192.884968,330,320,336,445,226,227,218,222,226
1611428192.895449,330,317,328,437,226,227,218,226,225
1611428192.905228,328,323,333,438,226,226,212,226,226
1611428192.915089,326,325,336,438,225,223,216,226,226
1611428192.925153,330,322,330,437,226,225,218,222,225
1611428192.935375,318,315,329,437,227,227,218,226,221
1611428192.945237,323,322,332,437,226,222,217,223,221
1611428192.955182,328,324,333,437,227,222,215,225,225
1611428192.965119,325,325,336,437,221,227,217,226,223
1611428192.975153,318,325,333,438,227,223,217,225,225
1611428192.985401,330,324,336,437,226,226,217,226,223
1611428192.996129,329,319,336,442,226,226,217,226,221
1611428193.005005,328,322,330,434,226,227,215,223,225
1611428193.015191,326,320,334,442,226,227,218,226,221
1611428193.024786,331,325,330,438,225,226,216,225,226
1611428193.035424,329,317,326,432,221,222,215,225,226
1611428193.045139,327,324,330,435,226,227,218,221,224
1611428193.055286,330,325,336,433,225,226,218,225,224
1611428193.064677,328,320,330,434,227,227,218,226,222
1611428193.074895,330,322,336,442,226,226,217,226,223
1611428193.085181,331,321,336,437,225,226,218,227,222
1611428193.095385,329,324,336,438,226,227,217,226,226
1611428193.105349,330,322,328,433,226,226,216,226,226
1611428193.115249,326,321,333,434,226,225,215,226,226
1611428193.125119,323,322,330,434,225,226,217,226,223
1611428193.135081,328,322,333,434,227,226,218,225,225
1611428193.145205,328,321,330,436,226,227,217,224,223
1611428193.155461,325,320,330,437,226,226,214,226,226
1611428193.16519,320,319,336,436,226,226,218,225,222
1611428193.174829,326,325,333,437,224,224,214,225,225
1611428193.185573,330,322,336,434,226,226,212,225,226
1611428193.195506,330,325,333,436,225,225,218,226,225
1611428193.205276,329,322,334,439,225,225,218,226,223
1611428193.215105,330,325,337,439,226,222,212,226,226
1611428193.22487,330,324,326,437,226,226,217,226,226
1611428193.234735,330,321,333,442,227,226,217,224,223
1611428193.244727,331,317,336,442,226,226,217,226,221
1611428193.254982,326,325,336,440,225,226,217,226,221
1611428193.264857,328,322,333,436,224,227,218,226,224
1611428193.275439,330,322,336,433,225,226,218,225,226
1611428193.284941,328,325,336,442,226,226,218,225,225
1611428193.294762,330,324,333,434,224,227,216,226,226
1611428193.304922,329,322,336,440,226,221,215,226,226
1611428193.315343,330,326,336,439,226,227,217,226,225
1611428193.325485,330,324,336,437,227,226,213,224,226
1611428193.335449,325,324,336,437,227,225,217,225,225
1611428193.345027,325,325,333,440,225,226,218,225,226
1611428193.35572,333,323,336,435,225,227,212,221,226
1611428193.364956,330,325,336,429,223,225,217,226,225
1611428193.375205,330,323,333,440,226,226,217,225,226
1611428193.384781,330,325,337,439,226,226,216,224,226
1611428193.395681,330,323,337,432,224,225,218,225,226
1611428193.405295,330,325,337,442,226,226,212,226,225
1611428193.415248,330,325,337,438,226,226,217,226,224
1611428193.425117,333,318,336,439,226,226,217,225,223
1611428193.435578,321,325,336,432,226,226,218,226,225
1611428193.444951,330,320,336,437,226,226,216,226,226
1611428193.455096,325,319,336,434,226,226,218,225,225
1611428193.465462,328,320,336,438,227,226,217,221,224
1611428193.474846,330,325,336,433,226,226,218,223,225
1611428193.485077,330,322,336,438,227,226,217,226,222
1611428193.494896,330,325,336,442,223,222,218,226,226
1611428193.504762,324,325,336,438,226,225,212,226,226
1611428193.514819,330,321,328,438,225,226,216,226,225
1611428193.525122,328,325,337,438,225,227,218,222,223
1611428193.535444,330,324,337,438,223,226,216,225,225
1611428193.545236,333,326,338,432,224,226,218,226,225
1611428193.554827,326,324,337,437,227,226,213,226,226
1611428193.564913,336,328,338,440,226,221,215,225,225
1611428193.574871,328,328,336,432,226,226,217,226,222
1611428193.585128,336,324,341,442,226,225,216,226,221
1611428193.594955,331,326,336,442,227,226,218,224,224
1611428193.605204,330,322,331,437,221,226,214,226,226
1611428193.615956,325,322,336,440,226,227,213,225,225
1611428193.625199,330,322,337,434,221,225,217,225,225
1611428193.635147,324,322,334,437,226,221,217,226,226
1611428193.645733,323,320,333,432,222,226,218,226,225
1611428193.655217,322,322,330,432,226,225,216,226,225
1611428193.665092,321,318,325,427,225,226,218,226,225
1611428193.675289,324,317,333,432,223,223,218,225,226
1611428193.684985,323,320,330,434,227,226,212,225,225
1611428193.694829,325,315,325,432,221,221,217,226,226
1611428193.705154,325,320,332,434,226,226,211,225,226
1611428193.714931,318,318,333,432,224,227,217,226,222
1611428193.725019,326,315,328,429,226,227,218,225,220
1611428193.735207,321,321,331,430,227,227,215,223,223
1611428193.745067,322,320,330,426,225,225,216,226,226
1611428193.755413,328,321,336,436,226,226,217,224,223
1611428193.765355,322,319,324,432,226,225,216,226,226
1611428193.775135,325,317,325,434,227,223,216,225,225
1611428193.785014,325,317,330,434,226,226,216,226,223
1611428193.79476,328,318,321,429,227,228,213,224,225
1611428193.805533,325,315,328,429,224,225,218,226,226
1611428193.815508,324,314,328,432,225,226,218,226,226
1611428193.825336,325,320,330,433,223,225,217,226,226
1611428193.835165,325,317,328,429,225,226,217,226,226
1611428193.844916,321,320,328,432,225,226,217,226,221
1611428193.85505,325,317,325,434,222,224,216,226,224
1611428193.865598,325,318,327,429,226,226,217,221,225
1611428193.875282,321,312,324,433,225,225,218,222,222
1611428193.885311,321,317,322,426,225,226,217,227,226
1611428193.895128,325,321,324,426,223,225,213,226,226
1611428193.905265,321,322,326,427,226,227,217,225,225
1611428193.915065,323,317,330,430,225,226,218,225,225
1611428193.925178,322,321,324,429,224,225,217,225,224
1611428193.935191,322,318,327,429,223,225,214,225,224
1611428193.945308,317,314,322,422,221,222,214,225,224
1611428193.955082,320,314,318,424,221,223,214,224,222
1611428193.964867,314,314,323,424,219,221,213,223,219
1611428193.974934,311,315,320,424,218,221,213,223,219
1611428193.985102,312,314,322,424,215,220,212,222,221
1611428193.994932,308,310,315,426,214,218,209,221,220
1611428194.005162,310,311,317,416,214,218,212,218,216
1611428194.015181,310,312,317,418,214,216,208,219,216
1611428194.025432,308,314,321,421,213,214,208,219,218
1611428194.035136,306,314,316,418,212,216,208,219,215
1611428194.045837,302,312,317,417,210,215,205,218,216
1611428194.055294,301,309,317,410,206,215,205,218,214
1611428194.065732,296,305,312,416,204,213,206,217,211
1611428194.074882,294,305,310,416,202,212,205,218,212
1611428194.084993,292,306,310,411,198,210,206,216,210
1611428194.094936,296,307,310,410,197,210,205,215,208
1611428194.105239,296,304,308,416,196,206,204,214,206
1611428194.115531,296,304,309,406,196,206,204,213,206
1611428194.124949,294,302,306,400,194,205,204,213,205
1611428194.134712,291,301,305,400,195,204,202,211,205
1611428194.144999,288,299,304,394,195,202,201,212,206
1611428194.155249,293,301,307,389,195,202,202,211,206
1611428194.165188,293,298,301,365,195,202,201,210,206
1611428194.175241,289,298,299,349,197,201,199,209,205
1611428194.184999,285,298,298,326,196,202,199,209,206
1611428194.19499,285,298,299,314,194,200,198,210,205
1611428194.205203,288,298,296,299,195,200,198,209,205
1611428194.215013,282,296,293,285,195,200,198,209,206
1611428194.225489,283,298,293,258,196,201,198,210,205
1611428194.235101,284,301,291,237,195,202,198,210,205
1611428194.245147,282,298,288,225,194,202,196,209,204
1611428194.25515,278,298,282,216,196,201,197,209,205
1611428194.264984,274,296,268,212,196,202,198,208,204
1611428194.275244,273,294,256,205,196,202,198,208,205
1611428194.285082,266,297,240,202,196,201,198,209,205
1611428194.294977,261,296,221,195,194,201,197,210,203
1611428194.304832,250,290,197,187,194,201,197,208,202
1611428194.315491,237,288,171,187,194,202,199,209,201
1611428194.325118,229,288,148,183,193,201,198,209,201
1611428194.335159,218,288,128,184,194,200,198,207,200
1611428194.345113,208,283,113,182,192,200,197,207,199
1611428194.354975,189,283,104,179,193,201,198,208,195
1611428194.365702,173,278,96,184,191,200,197,208,197
1611428194.374887,158,280,92,189,191,201,197,208,193
1611428194.384951,141,276,86,189,190,200,196,207,189
1611428194.395313,120,273,84,199,189,200,197,207,180
1611428194.404836,104,272,81,218,187,199,197,205,165
1611428194.415197,95,266,92,251,186,200,196,204,139
1611428194.425087,87,274,144,298,183,198,196,202,103
1611428194.4356,78,288,221,342,178,199,197,199,70
1611428194.445166,69,291,260,363,166,197,197,194,52
1611428194.45513,67,296,279,384,146,193,196,191,42
1611428194.46513,69,298,296,386,118,174,194,190,44
1611428194.47508,81,301,297,387,82,128,193,197,74
1611428194.4852,128,308,306,404,62,75,191,203,145
1611428194.495297,193,308,309,404,52,57,187,208,174
1611428194.505417,236,307,313,408,44,53,187,210,185
1611428194.514966,256,308,312,410,44,70,188,210,193
1611428194.524854,262,303,314,416,45,114,190,213,194
1611428194.534907,267,309,315,416,47,150,195,214,197
1611428194.545103,266,310,315,410,53,162,195,214,202
1611428194.555051,274,309,314,410,64,168,196,213,202
1611428194.564938,276,306,314,416,72,171,197,212,202
1611428194.575471,280,314,319,418,78,173,197,214,203
1611428194.58531,282,312,318,418,83,175,197,212,205
1611428194.595295,277,309,315,417,85,177,198,213,205
1611428194.605239,283,312,317,416,84,177,199,213,203
1611428194.615183,279,311,315,416,81,176,197,214,205
1611428194.625306,276,310,317,416,77,174,197,214,205
1611428194.634906,273,311,314,416,73,174,198,213,203
1611428194.644925,276,310,317,416,68,171,196,214,204
1611428194.655042,274,310,317,417,63,174,197,215,199
1611428194.665077,273,312,318,416,58,173,197,214,202
1611428194.674961,267,310,315,416,54,176,196,213,200
1611428194.685572,262,309,317,409,54,182,196,213,199
1611428194.695097,256,309,313,408,61,187,198,213,197
1611428194.704904,244,308,309,406,75,194,198,212,194
1611428194.714877,232,309,309,402,121,200,200,212,196
1611428194.72531,228,309,307,400,175,203,201,213,197
1611428194.734784,256,309,309,395,197,206,202,213,202
1611428194.744898,282,308,309,394,201,206,203,213,206
1611428194.754978,293,309,309,392,202,210,205,215,208
1611428194.765027,294,306,310,397,202,212,206,215,210
1611428194.775252,296,308,312,405,208,214,205,217,212
1611428194.785097,302,309,313,410,209,214,208,218,214
1611428194.795279,306,313,315,408,213,215,209,219,217
1611428194.805075,306,314,319,417,214,216,210,218,216
1611428194.814689,312,310,318,424,215,217,211,221,218
1611428194.824877,317,317,322,418,217,218,210,221,220
1611428194.835073,315,310,317,421,218,222,213,221,221
1611428194.844966,313,314,320,424,219,222,214,225,221
1611428194.855193,314,315,331,432,222,223,211,221,221
1611428194.86473,318,319,330,424,222,224,215,223,223
1611428194.874833,315,309,322,426,223,222,217,226,224
1611428194.885484,321,317,330,432,226,221,213,225,226
1611428194.895378,325,322,330,434,227,226,216,225,226
1611428194.905139,327,318,325,432,226,225,216,226,226
1611428194.914903,324,321,330,434,226,226,218,225,225
1611428194.925071,317,317,330,432,225,226,216,221,224
1611428194.935172,325,318,330,432,224,225,216,226,226
1611428194.945185,322,315,325,436,226,226,215,222,224
1611428194.955028,319,321,331,433,220,225,216,226,226
1611428194.964878,322,318,329,424,225,226,218,226,226
1611428194.974905,324,318,330,429,225,226,215,226,225
1611428194.985074,324,320,332,426,225,226,218,226,225
1611428194.994848,325,314,328,433,226,226,214,225,225
1611428195.00508,322,321,336,432,226,225,211,226,225
1611428195.014794,325,317,331,434,226,226,218,221,226
1611428195.024874,325,320,328,433,226,221,214,224,224
1611428195.03527,325,317,331,437,224,226,217,226,226
1611428195.045375,327,314,325,430,226,226,217,225,221
1611428195.055025,328,317,330,439,225,224,216,226,226
1611428195.06493,326,323,325,436,225,226,217,225,225
1611428195.075199,328,321,328,433,224,225,217,226,225
1611428195.085393,326,320,326,434,227,226,217,225,222
1611428195.095141,323,320,329,427,225,225,216,226,226
1611428195.10522,328,317,330,433,226,225,218,226,226
1611428195.11497,324,314,328,433,225,226,217,226,221
1611428195.124964,325,318,329,439,225,226,217,223,224
1611428195.134761,328,318,334,438,221,224,217,226,226
1611428195.145162,329,322,329,427,225,226,212,226,226
1611428195.155634,322,314,331,429,227,227,218,226,221
1611428195.165456,317,319,330,424,224,226,218,226,225
1611428195.174874,320,314,329,429,226,221,212,224,225
1611428195.18566,321,315,323,426,225,226,217,226,225
1611428195.195002,320,315,325,432,226,221,213,225,226
1611428195.20514,320,312,323,421,226,226,216,225,225
1611428195.215105,318,312,322,426,226,226,216,226,225
1611428195.224907,314,314,330,429,227,226,218,226,225
1611428195.23512,322,312,330,426,225,225,216,225,225
1611428195.245153,323,317,329,429,226,221,214,225,225
1611428195.254957,330,318,330,429,226,226,216,226,226
1611428195.264905,318,315,328,429,221,225,218,225,225
1611428195.275578,323,317,330,427,226,228,216,226,225
1611428195.285139,321,318,325,432,220,221,216,225,226
1611428195.295874,323,318,328,426,225,225,213,226,227
1611428195.305171,325,317,328,432,226,225,212,225,226
1611428195.315231,322,317,325,429,222,221,217,225,226
1611428195.324949,322,315,325,426,226,226,217,226,223
1611428195.334742,324,317,328,429,226,227,213,223,225
1611428195.344912,322,316,322,429,227,226,218,221,225
1611428195.355001,325,314,328,430,225,222,215,224,226
1611428195.364997,315,312,321,424,226,226,216,225,224
1611428195.374804,322,317,326,432,227,224,214,226,225
1611428195.385144,317,315,321,421,226,225,218,226,226
1611428195.395258,321,315,325,424,223,225,217,226,221
1611428195.405003,317,314,329,434,226,226,216,221,225
1611428195.415108,320,320,333,437,226,227,216,226,226
1611428195.425183,324,314,330,433,226,225,216,226,226
1611428195.435023,325,318,328,429,224,226,217,226,225
1611428195.444706,321,315,325,429,225,222,215,226,226
1611428195.455413,322,317,322,430,226,226,218,221,226
1611428195.465062,325,317,327,432,225,223,216,224,226
1611428195.475117,325,312,328,432,226,226,218,221,221
1611428195.485608,321,317,326,429,227,226,213,226,226
1611428195.49504,318,317,328,436,228,226,218,226,225
1611428195.505052,325,316,328,426,225,221,214,225,226
1611428195.515611,323,317,326,429,222,223,217,225,226
1611428195.52532,320,316,326,429,221,225,217,226,226
1611428195.534971,321,317,328,429,225,227,214,224,225
1611428195.545435,322,317,326,429,222,226,218,225,226
1611428195.55488,317,317,328,429,226,228,217,226,226
1611428195.565051,322,317,327,427,226,221,214,226,225
1611428195.575161,321,317,328,429,223,222,217,226,222
1611428195.584863,318,314,325,429,227,228,213,224,225
1611428195.594758,322,317,328,430,225,226,218,222,225
1611428195.604896,321,318,330,433,222,226,217,226,225
1611428195.61518,324,318,327,429,227,225,217,226,225
1611428195.625475,317,317,328,430,227,226,213,226,225
1611428195.635222,321,315,326,429,227,227,217,226,226
1611428195.64507,320,317,325,430,221,226,217,226,226
1611428195.655189,315,315,325,432,224,226,217,226,226
1611428195.665455,318,314,321,427,225,227,218,226,226
1611428195.675357,325,314,325,425,226,228,218,226,227
1611428195.684969,321,318,327,429,225,226,218,226,225
1611428195.694957,325,320,328,434,226,226,218,225,225
1611428195.704711,323,313,326,433,228,228,218,226,220
1611428195.715043,325,318,330,426,221,226,218,225,222
1611428195.725138,325,314,328,429,226,227,217,222,225
1611428195.735525,322,317,328,427,226,226,218,226,226
1611428195.745065,321,314,328,430,222,223,216,226,226
1611428195.754738,321,317,323,426,225,227,213,221,225
1611428195.765452,321,315,329,429,225,223,216,226,226
1611428195.774895,322,315,326,426,226,226,217,224,226
1611428195.784907,321,317,325,430,227,228,217,226,227
1611428195.795129,314,317,325,429,226,227,218,226,221
1611428195.805342,321,314,325,426,226,226,217,226,226
1611428195.815997,317,317,320,427,228,227,218,225,227
1611428195.825031,320,308,317,424,226,227,217,226,226
1611428195.835094,320,315,325,425,227,227,218,226,225
1611428195.844868,320,314,326,426,226,221,213,225,227
1611428195.854923,320,316,325,426,226,226,218,226,225
1611428195.865074,320,314,325,426,226,226,217,226,222
1611428195.875247,320,315,325,426,226,226,215,226,225
1611428195.885465,322,314,328,424,223,226,218,226,226
1611428195.895193,322,317,325,429,228,226,218,226,226
1611428195.905148,325,314,328,428,226,224,213,226,225
1611428195.915554,319,316,328,426,226,228,218,222,225
1611428195.925123,322,309,320,429,228,221,216,225,227
1611428195.934889,321,320,325,424,225,226,217,227,226
1611428195.944883,317,314,326,430,226,226,217,225,225
1611428195.955141,322,318,328,430,226,222,216,226,228
1611428195.964942,324,319,330,433,225,224,218,227,225
1611428195.975144,327,317,329,429,226,227,218,222,223
1611428195.985507,323,317,330,424,225,227,218,226,226
1611428195.99528,320,314,326,429,225,225,217,227,226
1611428196.005278,321,314,325,429,225,227,217,227,226
1611428196.015343,322,315,325,427,228,227,217,224,223
1611428196.02522,320,318,323,425,225,227,218,226,226
1611428196.035506,317,314,322,426,226,226,217,228,223
1611428196.044773,322,317,326,429,226,226,217,222,225
1611428196.055315,320,312,321,421,227,226,219,227,226
1611428196.065233,322,315,325,426,226,226,216,225,224
1611428196.075199,321,317,325,426,226,226,214,226,226
1611428196.085398,321,314,322,429,226,226,218,226,223
1611428196.095057,322,318,326,427,226,228,215,228,226
1611428196.105081,322,317,328,427,226,222,216,226,226
1611428196.115023,322,315,326,426,226,227,218,223,222
1611428196.124895,323,312,325,426,226,227,218,225,221
1611428196.135015,321,315,328,426,226,226,218,225,226
1611428196.145344,320,314,326,430,228,226,214,226,226
1611428196.155146,322,317,328,429,226,228,213,225,226
1611428196.165323,321,315,328,428,228,228,218,226,222
1611428196.175231,321,317,327,431,225,226,217,226,227
1611428196.185206,322,318,322,426,228,228,218,227,226
1611428196.195001,325,323,333,433,224,224,218,226,227
1611428196.205289,326,320,331,436,226,228,218,221,225
1611428196.215037,329,317,331,437,226,227,218,226,226
1611428196.22501,320,322,331,432,226,222,216,225,226
1611428196.234991,317,320,330,434,225,227,218,223,226
1611428196.245856,330,319,331,432,226,227,218,227,226
1611428196.255329,326,322,330,437,221,226,218,226,226
1611428196.26519,328,322,336,432,227,226,218,227,226
1611428196.275225,328,322,331,427,226,226,218,228,226
1611428196.285013,327,323,330,437,228,228,218,227,225
1611428196.295749,330,317,333,437,228,228,218,226,222
1611428196.30524,329,321,331,437,225,226,217,226,226
1611428196.315008,328,322,333,437,222,225,218,227,226
1611428196.324718,323,321,333,437,226,228,217,226,225
1611428196.334939,327,320,330,434,227,226,216,226,223
1611428196.344854,326,320,331,434,227,227,218,226,226
1611428196.354982,330,320,333,434,227,226,214,225,226
1611428196.365003,327,314,325,437,226,226,217,225,226
1611428196.375062,328,320,333,437,228,227,215,225,226
1611428196.385066,320,320,329,432,227,228,218,226,226
1611428196.395449,324,318,330,430,227,228,219,227,227
1611428196.405417,325,320,330,436,226,226,218,221,221
1611428196.415075,327,321,331,430,226,226,217,227,226
1611428196.42521,326,321,331,429,224,226,218,226,226
1611428196.435422,328,318,330,433,227,228,218,223,225
1611428196.445397,324,318,330,433,225,226,218,228,226
1611428196.45485,328,322,336,437,228,226,218,225,225
1611428196.464756,325,318,333,436,226,228,218,226,222
1611428196.474901,328,317,330,442,226,222,213,226,226
1611428196.485366,330,324,331,440,225,223,217,227,226
1611428196.495038,326,320,336,437,228,228,216,226,226
1611428196.50514,329,317,336,442,226,226,218,227,221
1611428196.514822,331,323,338,440,227,227,217,226,226
1611428196.524751,328,324,325,438,226,226,217,226,227
1611428196.535153,329,326,330,442,227,228,219,226,224
1611428196.545042,329,325,336,440,224,226,215,227,223
1611428196.554803,328,322,336,440,226,226,217,227,227
1611428196.565018,330,324,336,436,226,226,218,226,228
1611428196.575257,325,325,331,437,226,227,218,226,222
1611428196.585201,330,325,337,441,224,225,218,226,226
1611428196.594938,330,323,336,439,228,226,218,228,226
1611428196.60517,328,323,337,442,226,221,217,227,226
1611428196.614869,328,323,333,439,227,228,218,226,225
1611428196.625242,330,325,331,438,226,226,218,228,226
1611428196.634966,330,325,336,434,227,226,218,226,226
1611428196.64487,330,325,336,432,225,227,218,226,226
1611428196.65518,330,325,336,438,222,226,218,226,227
1611428196.665215,328,324,336,436,222,222,218,226,226
1611428196.675212,330,325,336,440,225,224,218,226,226
1611428196.685311,331,324,333,440,227,229,218,226,227
1611428196.69493,331,325,336,442,223,226,217,227,227
1611428196.705115,328,322,333,440,229,228,218,225,226
1611428196.715083,331,325,336,440,226,224,218,228,226
1611428196.725599,323,325,330,442,226,228,218,227,227
1611428196.735226,330,325,330,437,225,225,213,224,226
1611428196.745287,333,325,337,442,228,223,216,228,221
1611428196.755406,332,326,338,443,227,228,218,226,227
1611428196.765382,331,325,337,440,223,226,219,226,227
1611428196.774981,330,324,336,434,226,226,217,227,228
1611428196.785042,330,325,336,440,226,227,218,226,224
1611428196.794895,332,322,332,442,227,226,217,223,226
1611428196.804829,324,325,336,442,226,226,218,227,226
1611428196.815871,330,325,336,436,226,226,218,227,226
1611428196.82508,330,325,336,438,228,229,213,226,227
1611428196.834868,327,325,333,432,222,223,218,226,227
1611428196.845372,330,325,336,442,229,228,213,226,227
1611428196.855501,325,328,340,444,227,227,219,227,227
1611428196.865136,328,328,336,441,226,227,218,228,228
1611428196.875314,331,325,338,445,228,226,219,228,228
1611428196.884793,329,325,336,442,226,228,214,226,226
1611428196.895137,329,324,336,439,228,228,214,226,227
1611428196.904978,329,325,336,437,227,227,218,226,228
1611428196.915248,330,329,338,446,229,227,218,224,223
1611428196.925081,326,325,337,446,227,227,218,223,225
1611428196.934992,331,327,340,442,225,226,214,225,225
1611428196.945471,333,325,336,440,228,228,218,227,225
1611428196.954766,330,325,336,438,225,227,219,227,226
1611428196.964916,331,322,336,442,228,228,218,226,223
1611428196.974818,329,325,337,442,226,225,214,227,227
1611428196.985396,331,322,337,443,227,228,219,226,226
1611428196.995183,333,324,330,436,225,223,217,226,226
1611428197.005242,330,328,331,438,227,226,218,228,226
1611428197.0151,331,322,338,446,228,224,216,226,226
1611428197.025225,331,329,340,442,222,227,218,227,228
1611428197.035067,333,324,336,438,225,225,218,227,227
1611428197.044947,324,325,337,438,227,227,218,226,226
1611428197.054909,331,320,338,444,228,228,218,227,227
1611428197.065303,331,327,337,442,223,222,212,222,224
1611428197.075515,330,325,336,443,226,226,219,227,226
1611428197.085373,330,324,336,442,222,223,217,226,222
1611428197.095061,324,326,338,445,227,227,214,225,226
1611428197.105102,333,321,336,441,227,228,219,225,224
1611428197.115015,326,325,338,444,229,227,218,227,227
1611428197.125075,327,320,336,438,227,228,218,226,222
1611428197.134886,330,320,336,438,228,229,218,226,226
1611428197.145205,326,324,336,438,223,226,218,226,227
1611428197.154824,333,325,336,442,228,228,219,228,226
1611428197.165619,330,325,337,440,226,225,217,227,227
1611428197.175273,331,325,333,442,227,228,218,228,225
1611428197.185478,329,326,333,439,222,223,213,226,226
1611428197.195076,331,328,334,440,223,226,218,228,221
1611428197.204814,329,323,333,441,227,227,218,226,226
1611428197.214843,330,325,336,439,227,222,217,226,226
1611428197.225608,330,318,329,430,222,227,218,226,227
1611428197.234983,328,325,333,433,227,226,218,227,227
1611428197.24513,328,325,333,438,228,226,213,227,227
1611428197.255012,330,322,328,440,227,227,219,228,226
1611428197.265185,330,323,333,438,228,226,215,225,226
1611428197.275065,329,325,333,437,227,229,219,222,229
1611428197.285232,331,325,336,439,225,225,218,226,226
1611428197.29498,326,318,328,431,228,228,218,226,228
1611428197.305129,326,321,333,438,226,222,215,226,226
1611428197.315013,330,324,326,432,228,227,218,225,226
1611428197.324812,330,322,333,437,226,228,218,226,227
1611428197.335383,325,318,330,438,222,222,218,226,227
1611428197.345467,326,318,324,432,227,229,219,226,227
1611428197.355366,325,322,330,432,228,229,218,226,227
1611428197.36509,326,321,333,436,228,228,218,227,226
1611428197.375196,325,314,325,434,227,229,218,226,226
1611428197.385004,325,320,330,434,229,228,217,223,226
1611428197.395055,325,321,331,434,223,222,218,227,226
1611428197.405327,318,318,330,432,227,228,219,223,226
1611428197.41491,322,318,325,433,227,225,214,225,226
1611428197.425737,325,318,330,427,225,228,218,226,228
1611428197.435074,325,318,328,426,226,227,218,228,228
1611428197.445168,322,320,330,430,227,227,218,227,226
1611428197.45519,325,314,330,432,226,227,218,225,223
1611428197.46535,321,318,330,430,228,228,219,228,226
1611428197.474907,322,318,330,432,228,226,213,226,227
1611428197.485411,323,317,332,434,228,228,218,226,224
1611428197.495031,324,320,331,437,227,229,218,222,226
1611428197.505363,324,322,333,434,226,228,219,227,228
1611428197.515071,325,321,327,436,229,226,213,226,225
1611428197.524866,328,317,325,429,223,222,217,228,227
1611428197.535314,325,318,325,434,227,226,218,227,226
1611428197.54523,321,318,336,438,228,227,218,227,221
1611428197.555748,325,320,333,436,227,228,219,227,227
1611428197.565512,322,321,334,437,223,226,218,228,227
1611428197.575323,327,322,333,436,228,228,218,226,226
1611428197.584902,320,317,328,434,228,228,218,227,224
1611428197.595232,326,322,333,436,228,228,218,228,226
1611428197.605121,322,318,330,434,228,229,219,225,225
1611428197.615079,325,320,331,437,228,228,219,228,227
1611428197.625417,320,324,330,437,228,227,213,226,225
1611428197.634955,321,323,333,437,227,229,219,227,228
1611428197.645207,324,320,331,434,229,229,218,228,225
1611428197.655119,326,323,336,437,228,224,214,222,223
1611428197.665464,325,323,333,437,227,223,215,226,228
1611428197.674919,330,323,330,432,227,227,219,228,228
1611428197.684902,326,321,333,434,228,228,218,224,226
1611428197.69541,328,322,330,434,229,228,220,226,226
1611428197.705617,328,322,336,440,227,224,218,226,227
1611428197.715392,325,322,333,436,228,227,214,226,226
1611428197.725199,330,325,333,433,226,229,219,227,225
1611428197.73519,330,318,330,432,228,228,219,228,227
1611428197.74519,329,322,336,434,228,228,214,226,228
1611428197.755503,329,325,333,436,228,228,219,227,226
1611428197.765367,327,323,333,434,223,226,218,228,227
1611428197.774871,329,323,333,432,228,228,219,228,222
1611428197.784913,327,324,326,433,228,228,218,228,227
1611428197.795162,329,323,331,433,228,227,220,223,228
1611428197.804972,325,322,336,437,224,226,218,225,227
1611428197.815033,328,322,331,437,227,228,214,224,227
1611428197.825487,329,320,328,432,228,229,219,227,225
1611428197.835144,325,317,329,426,227,228,218,228,228
1611428197.844986,326,321,331,434,229,228,213,228,227
1611428197.854957,325,322,333,431,229,229,220,228,228
1611428197.864841,325,322,331,432,226,226,218,229,227
1611428197.874932,328,320,331,433,226,225,219,227,228
1611428197.885107,326,322,336,436,226,228,219,228,228
1611428197.895034,328,321,336,434,228,224,216,228,228
1611428197.905139,323,321,330,437,226,227,219,228,227
1611428197.915151,326,325,331,438,227,228,218,228,223
1611428197.924971,323,322,333,439,228,228,219,227,228
1611428197.935133,326,317,325,426,224,224,213,228,228
1611428197.944901,322,320,330,432,227,229,218,227,225
1611428197.955088,328,324,331,437,226,227,218,226,227
1611428197.964981,329,325,336,437,229,227,213,226,226
1611428197.975175,329,324,333,438,227,229,218,227,227
1611428197.985387,330,322,336,429,226,228,218,228,227
1611428197.995229,327,321,336,426,227,228,218,228,227
1611428198.005184,321,321,328,437,227,228,213,226,228
1611428198.015532,328,323,336,443,228,229,215,225,227
1611428198.025278,322,317,333,438,228,229,218,228,225
1611428198.035206,330,322,328,432,227,228,219,226,226
1611428198.045327,326,321,333,437,228,229,218,225,227
1611428198.055213,328,322,333,432,227,227,219,226,226
1611428198.064815,328,322,333,437,228,227,219,223,225
1611428198.074784,328,318,334,434,229,226,218,228,227
1611428198.085072,328,321,325,434,227,228,219,228,226
1611428198.095377,330,324,333,432,228,229,219,226,227
1611428198.105229,328,325,333,437,225,227,218,227,228
1611428198.11526,322,322,330,434,226,227,218,226,228
1611428198.125218,330,325,330,437,229,228,218,228,228
1611428198.135071,330,322,333,437,227,228,213,228,227
1611428198.145172,322,322,333,437,228,229,217,226,226
1611428198.155051,330,324,336,436,227,229,219,228,228
1611428198.164858,321,321,336,434,228,228,219,223,227
1611428198.175676,321,318,331,432,227,229,218,227,226
1611428198.185078,324,322,330,436,228,226,218,224,225
1611428198.195192,322,323,333,433,226,226,219,224,228
1611428198.205242,319,317,331,432,228,229,218,228,223
1611428198.214928,323,321,331,433,228,229,218,228,228
1611428198.225334,322,322,333,434,227,229,218,227,228
1611428198.235313,325,320,330,434,226,226,219,226,226
1611428198.245099,329,320,330,434,228,228,218,228,225
1611428198.255054,330,323,331,432,228,228,219,228,227
1611428198.264985,325,322,328,433,227,227,218,228,226
1611428198.275111,325,325,331,437,226,226,219,228,226
1611428198.28537,320,323,330,436,224,225,217,228,226
1611428198.29522,321,317,328,432,223,224,213,226,225
1611428198.305187,323,319,330,427,223,226,217,225,226
1611428198.31509,325,317,331,432,223,225,215,226,222
1611428198.325379,320,321,330,429,219,223,216,223,222
1611428198.33524,316,316,325,422,217,219,214,223,221
1611428198.34514,310,315,321,424,215,219,211,221,218
1611428198.355077,309,314,320,421,214,217,209,219,216
1611428198.365346,307,312,316,420,213,215,209,217,214
1611428198.375176,309,309,315,419,213,214,206,215,215
1611428198.385042,308,309,314,417,212,213,206,215,212
1611428198.395185,301,309,312,410,209,213,206,215,212
1611428198.404972,298,306,310,404,205,212,204,214,212
1611428198.414988,288,306,309,400,200,211,203,214,209
1611428198.425079,282,304,301,389,197,208,202,213,207
1611428198.435451,280,301,296,384,191,205,203,211,203
1611428198.445195,276,299,293,384,189,201,201,211,201
1611428198.455062,272,294,288,384,186,197,198,209,197
1611428198.46494,272,293,288,384,183,195,196,205,196
1611428198.475218,266,288,280,384,181,192,193,203,194
1611428198.485179,264,284,280,375,179,191,191,202,191
1611428198.495386,250,283,278,354,175,188,188,200,190
1611428198.505065,226,282,274,325,173,186,186,198,187
1611428198.515033,206,278,272,301,170,184,186,197,185
1611428198.525262,181,274,269,267,165,182,185,196,183
1611428198.535745,157,274,261,249,158,181,182,193,180
1611428198.545128,133,272,238,242,148,178,181,194,176
1611428198.555163,112,272,208,244,139,177,181,193,170
1611428198.565118,101,269,175,245,132,174,180,192,161
1611428198.574782,97,269,139,247,125,173,180,192,154
1611428198.585164,93,264,106,250,123,171,179,191,147
1611428198.595082,91,265,93,247,119,172,179,192,143
1611428198.604964,90,263,85,245,116,173,179,191,142
1611428198.615225,88,264,79,244,114,172,180,192,139
1611428198.624811,93,264,74,242,112,172,179,193,137
1611428198.635087,91,264,72,245,109,170,180,193,135
1611428198.645253,90,262,71,242,110,171,179,193,134
1611428198.655551,93,261,73,245,109,172,181,192,135
1611428198.665232,93,261,75,245,110,172,180,193,134
1611428198.67603,95,261,78,250,109,172,180,192,132
1611428198.685235,95,258,81,256,108,172,181,191,131
1611428198.695469,96,257,83,258,107,170,178,191,128
1611428198.70527,95,256,84,262,106,170,179,190,124
1611428198.715327,93,256,86,269,104,170,180,189,122
1611428198.725086,93,256,86,272,101,170,179,189,118
1611428198.734813,91,248,87,278,98,168,177,187,114
1611428198.745102,91,244,88,285,93,168,178,188,108
1611428198.755122,91,239,89,293,89,167,177,186,102
1611428198.764937,90,234,87,304,83,165,177,186,93
1611428198.774822,90,228,87,321,78,164,176,184,82
1611428198.785525,90,222,93,338,70,160,176,183,70
1611428198.795337,92,222,110,354,65,155,177,180,62
1611428198.805281,93,229,154,358,61,147,175,171,57
1611428198.815154,98,245,214,367,57,138,176,158,51
1611428198.825336,111,258,256,384,57,128,175,138,44
1611428198.834991,128,274,269,384,54,114,173,116,42
1611428198.8453,154,283,283,389,54,86,171,110,44
1611428198.855465,181,288,288,394,53,61,167,135,56
1611428198.864978,215,290,293,394,52,49,151,164,97
1611428198.875214,237,290,293,400,52,41,115,178,142
1611428198.885285,248,292,298,400,52,37,89,186,166
1611428198.895018,256,296,301,397,59,41,90,190,175
1611428198.905411,261,296,298,400,72,45,115,193,181
1611428198.915467,267,296,304,402,84,61,139,195,185
1611428198.925401,270,296,304,402,95,83,151,196,189
1611428198.934998,272,296,304,402,105,102,157,197,189
1611428198.944851,278,298,302,401,114,118,162,198,192
1611428198.955673,276,297,304,400,123,132,164,200,193
1611428198.965644,275,296,302,400,131,142,166,199,193
1611428198.975255,277,296,304,400,135,150,170,202,195
1611428198.98514,276,296,305,400,138,155,171,200,195
1611428198.995239,277,298,305,402,135,157,171,201,195
1611428199.005093,274,297,304,397,133,158,171,201,194
1611428199.015131,276,296,306,401,126,158,173,201,194
1611428199.02549,272,296,301,400,117,156,174,200,193
1611428199.035074,272,298,304,400,107,152,173,201,192
1611428199.045261,267,293,299,400,95,149,175,202,189
1611428199.055034,262,293,298,400,80,142,176,200,187
1611428199.064883,256,293,296,400,67,145,178,199,185
1611428199.075044,246,293,296,394,59,164,182,199,185
1611428199.085391,238,293,293,390,64,180,186,200,184
1611428199.095206,232,296,294,392,104,189,189,203,187
1611428199.105386,235,298,296,390,162,193,192,206,191
1611428199.115334,256,301,293,388,183,197,194,208,198
1611428199.1262,270,304,305,388,188,199,196,209,202
1611428199.135012,277,304,305,394,193,202,198,210,205
1611428199.145589,288,304,306,402,195,203,202,214,205
1611428199.155015,290,308,308,408,197,208,206,215,209
1611428199.164959,290,309,310,410,202,213,205,218,212
1611428199.174683,298,312,317,410,209,213,208,219,214
1611428199.185553,306,314,317,416,213,217,210,220,218
1611428199.195259,309,310,321,421,213,217,212,222,217
1611428199.205561,312,310,322,421,216,221,214,224,221
1611428199.215008,310,316,322,424,220,222,215,225,222
1611428199.224897,321,320,323,432,221,224,217,226,225
1611428199.234878,323,320,332,427,222,226,217,226,225
1611428199.244949,322,319,331,432,226,228,218,228,223
1611428199.254765,328,321,331,432,226,226,218,227,226
1611428199.264974,328,318,331,434,228,229,220,224,228
1611428199.274771,325,318,331,434,229,229,219,229,228
1611428199.285026,325,319,333,436,229,229,214,226,229
1611428199.295046,328,325,337,434,229,229,219,229,228
1611428199.304989,323,322,333,435,224,229,219,228,229
1611428199.315025,329,322,332,434,224,224,220,229,226
1611428199.325397,326,324,333,429,228,229,219,229,229
1611428199.33527,328,321,331,434,228,229,215,229,228
1611428199.344985,318,322,331,433,227,229,221,228,228
1611428199.355278,328,318,330,438,229,229,219,229,223
1611428199.364833,325,320,332,437,229,228,219,228,229
1611428199.375148,325,320,330,436,229,229,219,225,226
1611428199.385311,327,323,331,433,229,229,219,227,228
1611428199.395283,326,320,333,439,229,228,214,227,228
1611428199.405116,328,322,336,434,228,228,219,229,229
1611428199.414947,328,322,333,440,229,226,215,227,228
1611428199.425129,328,324,328,437,229,229,219,229,228
1611428199.435342,326,323,331,432,228,229,219,229,228
1611428199.446096,328,322,330,438,228,228,219,229,225
1611428199.455165,328,324,333,437,229,229,216,229,229
1611428199.465164,328,317,330,438,228,229,220,228,223
1611428199.474998,330,322,331,436,223,228,217,227,224
1611428199.485177,328,322,333,438,222,229,220,227,229
1611428199.494977,330,321,330,436,229,229,221,227,227
1611428199.505002,326,322,333,437,227,226,220,228,229
1611428199.515138,328,320,333,437,230,229,220,229,224
1611428199.525519,328,318,326,436,229,226,218,228,228
1611428199.535561,328,322,333,437,228,229,219,229,227
1611428199.545215,328,322,331,432,229,229,220,224,227
1611428199.554925,328,319,333,437,229,229,214,226,228
1611428199.565175,327,322,336,429,228,229,220,228,229
1611428199.575215,330,322,333,429,227,229,221,227,229
1611428199.58494,328,322,333,436,225,226,218,229,227
1611428199.595251,327,321,333,433,225,228,219,228,229
1611428199.605186,328,320,336,433,229,229,217,226,229
1611428199.615621,326,323,330,436,229,223,217,229,227
1611428199.625128,325,321,325,432,229,229,221,229,226
1611428199.635219,320,322,333,432,225,229,219,228,229
1611428199.644921,326,322,333,437,228,229,219,228,222
1611428199.655245,325,323,336,429,228,229,220,229,229
1611428199.665134,325,324,336,437,229,229,219,229,227
1611428199.674902,330,322,326,436,230,229,219,225,227
1611428199.685007,320,323,336,436,230,230,219,229,229
1611428199.695133,330,322,331,432,229,230,221,228,229
1611428199.70508,326,322,336,437,229,230,220,229,229
1611428199.714948,328,322,336,434,227,230,219,226,228
1611428199.725015,328,323,333,429,229,229,219,230,229
1611428199.735187,325,317,330,437,229,229,219,225,225
1611428199.744757,328,321,328,437,228,229,221,229,229
1611428199.754865,329,322,333,436,229,230,220,226,229
1611428199.76501,326,322,330,436,229,230,219,229,226
1611428199.775343,325,322,336,437,229,229,219,229,229
1611428199.785209,326,322,333,438,225,228,221,228,229
1611428199.794912,325,321,330,430,227,226,217,228,228
1611428199.805017,326,322,336,432,228,230,219,228,229
1611428199.815026,328,320,333,437,230,230,221,230,226
1611428199.825387,329,323,336,432,229,229,216,228,229
1611428199.835111,327,322,332,437,225,226,219,229,228
1611428199.844968,325,323,336,436,230,230,214,229,229
1611428199.854758,330,325,336,437,230,231,220,229,229
1611428199.865093,328,320,332,432,229,230,219,229,226
1611428199.87502,320,322,329,429,229,227,219,229,229
1611428199.885096,326,323,333,429,228,229,220,229,229
1611428199.895071,325,324,336,437,229,226,216,229,229
1611428199.905155,330,322,336,430,227,230,221,228,229
1611428199.915227,328,324,336,434,230,230,221,230,227
1611428199.92524,328,321,336,429,227,229,221,229,229
1611428199.935045,324,325,336,434,230,230,219,229,229
1611428199.945106,328,325,336,430,229,230,220,230,229
1611428199.955305,326,322,333,434,228,230,220,229,226
1611428199.965688,328,322,331,433,229,230,219,226,228
1611428199.974779,328,324,330,436,229,230,221,225,228
1611428199.985215,328,323,333,432,228,230,221,229,229
1611428199.994773,328,322,333,436,229,226,219,229,230
1611428200.005038,328,321,331,434,229,231,220,227,229
1611428200.015005,326,317,331,429,229,226,221,229,226
1611428200.02622,329,321,330,434,229,230,221,229,228
1611428200.034991,329,322,336,437,229,228,220,229,230
1611428200.0452,326,322,333,429,229,230,221,229,230
1611428200.054918,318,319,330,436,229,227,218,229,229
1611428200.064869,328,322,333,436,230,230,214,229,229
1611428200.075069,328,324,336,434,228,228,221,229,229
1611428200.085019,328,320,333,436,229,228,221,225,229
1611428200.094979,330,325,336,437,229,229,221,230,230
1611428200.104976,328,326,330,434,229,229,221,229,229
1611428200.115472,321,322,331,436,227,229,221,229,230
1611428200.12528,328,321,332,437,231,230,221,228,228
1611428200.135178,325,322,333,437,230,229,220,225,228
1611428200.145141,329,325,336,432,229,230,219,230,229
1611428200.154986,330,323,336,437,230,230,221,229,228
1611428200.165296,330,324,333,429,229,229,221,229,229
1611428200.17544,322,322,328,429,229,229,221,230,229
1611428200.185616,330,322,333,437,231,229,221,229,226
1611428200.195102,330,323,338,437,230,232,216,229,230
1611428200.20526,329,320,330,439,230,232,222,225,225
1611428200.215011,330,326,336,429,230,230,221,231,230
1611428200.225238,330,323,333,436,230,230,222,230,229
1611428200.235384,327,324,336,437,227,230,221,229,230
1611428200.245082,330,322,333,437,231,232,222,230,226
1611428200.255254,328,320,333,438,229,232,222,226,229
1611428200.26524,328,323,336,434,230,229,217,230,230
1611428200.275009,330,322,336,434,230,229,221,230,229
1611428200.285589,326,321,336,436,229,229,220,229,230
1611428200.29526,327,325,331,432,227,226,219,227,226
1611428200.305147,325,321,326,432,229,231,221,229,229
1611428200.314959,330,320,330,433,229,231,222,225,226
1611428200.325318,325,323,328,437,230,232,221,229,226
1611428200.335512,329,322,337,437,225,229,221,229,230
1611428200.345344,322,318,330,434,230,230,222,225,230
1611428200.355076,325,322,336,434,227,230,221,229,230
1611428200.365195,328,320,331,441,230,230,221,229,229
1611428200.375327,330,326,337,441,228,229,221,230,229
1611428200.38505,331,320,330,439,230,231,221,230,229
1611428200.395198,333,326,331,435,229,230,221,229,230
1611428200.404883,331,326,338,438,231,232,221,230,229
1611428200.414719,324,323,337,438,230,229,218,229,230
1611428200.424852,330,325,330,432,229,230,221,230,230
1611428200.43529,330,323,331,437,229,229,220,225,229
1611428200.445002,326,321,330,433,231,232,221,228,229
1611428200.455091,325,322,325,429,230,226,218,230,230
1611428200.465241,330,322,336,433,229,230,221,229,229
1611428200.475416,330,322,336,437,231,230,222,229,230
1611428200.485099,326,322,330,432,228,228,218,228,229
1611428200.495226,323,323,333,428,230,231,221,229,230
1611428200.505107,328,322,332,434,230,230,221,231,229
1611428200.515175,325,322,333,437,230,230,222,226,230
1611428200.524741,328,322,336,436,230,229,221,226,230
1611428200.53498,328,325,336,440,229,232,217,230,230
1611428200.544861,331,322,329,430,230,230,222,228,230
1611428200.554995,325,325,336,434,230,231,223,230,231
1611428200.565102,328,320,333,435,230,231,219,230,226
1611428200.574957,329,323,336,436,230,228,221,230,231
1611428200.585112,330,324,336,437,229,231,223,232,231
1611428200.595126,322,325,336,437,226,232,217,230,230
1611428200.605201,330,325,336,436,227,227,221,232,229
1611428200.614964,325,326,336,438,232,228,222,230,230
1611428200.625284,330,322,333,437,229,232,222,232,226
1611428200.635005,328,323,336,438,227,226,223,232,231
1611428200.645344,330,325,336,432,232,233,223,232,231
1611428200.655434,330,324,336,436,230,229,224,230,230
1611428200.665458,329,320,333,438,231,233,224,231,227
1611428200.675542,329,320,331,432,233,233,222,230,232
1611428200.685148,330,321,336,439,232,232,225,228,229
1611428200.694852,328,325,336,436,232,233,223,231,227
1611428200.704995,330,318,336,433,232,234,223,232,232
1611428200.715458,328,325,336,437,231,232,223,232,230
1611428200.725283,330,325,338,438,228,232,223,233,231
1611428200.735446,330,326,336,432,231,232,224,232,232
1611428200.745572,330,328,336,436,232,232,225,232,232
1611428200.755254,329,325,338,432,232,232,223,232,232
1611428200.765334,331,325,336,432,233,234,223,230,231
1611428200.7751,328,324,336,436,233,233,225,232,233
1611428200.785133,330,325,336,436,231,232,223,233,232
1611428200.795244,330,325,336,438,232,234,223,233,233
1611428200.805346,326,326,337,439,232,232,223,233,232
1611428200.814955,331,325,336,432,230,234,224,232,233
1611428200.824986,333,327,336,440,233,234,221,233,232
1611428200.835243,329,325,330,439,229,232,225,232,230
1611428200.845416,330,322,333,438,233,234,219,233,227
1611428200.855163,328,325,336,440,232,229,222,231,232
1611428200.864803,330,322,337,437,232,234,225,232,230
1611428200.875298,330,325,336,440,228,233,225,232,233
1611428200.885492,325,328,333,438,229,232,224,229,232
1611428200.89578,330,326,336,442,234,233,223,230,230
1611428200.905351,331,327,338,440,234,234,223,232,233
1611428200.914952,333,325,338,442,233,234,222,231,232
1611428200.925145,325,325,338,442,228,233,221,228,232
1611428200.935294,331,326,337,440,230,233,225,233,233
1611428200.945087,330,325,337,438,233,234,220,231,233
1611428200.95521,333,326,337,440,234,234,225,232,233
1611428200.96486,333,329,332,440,233,234,224,234,232
1611428200.975552,333,328,337,442,234,233,225,233,232
1611428200.984976,331,325,338,442,233,234,226,229,232
1611428200.994829,333,330,341,440,234,233,225,231,232
1611428201.005122,336,324,336,438,234,234,225,234,229
1611428201.015182,336,330,340,440,233,234,225,232,233
1611428201.025303,336,330,338,437,232,233,225,232,229
1611428201.035191,329,328,338,442,232,233,226,231,232
1611428201.046423,332,326,336,442,229,232,221,232,232
1611428201.055304,333,322,331,437,233,234,225,231,232
1611428201.06508,330,328,338,437,234,234,224,232,230
1611428201.075608,333,325,336,438,232,234,226,234,230
1611428201.085275,333,325,337,432,232,233,224,234,233
1611428201.095783,328,322,332,437,232,234,226,232,233
1611428201.104965,333,320,336,439,233,234,220,232,234
1611428201.115104,330,325,341,438,230,234,224,232,233
1611428201.124962,336,328,338,442,232,232,225,233,231
1611428201.135083,328,325,336,443,232,234,225,230,229
1611428201.145071,330,325,337,433,230,233,224,232,229
1611428201.154979,329,325,337,440,233,234,223,229,232
1611428201.164977,330,325,338,440,231,234,220,232,232
1611428201.175012,325,323,337,440,233,230,219,232,231
1611428201.185509,323,325,336,439,228,232,223,232,232
1611428201.19504,328,317,333,437,232,233,223,232,232
1611428201.204993,331,325,338,442,232,229,222,232,232
1611428201.2153,330,326,337,437,232,232,223,226,226
1611428201.224929,331,320,336,437,230,233,223,230,228
1611428201.235215,331,326,336,436,233,232,223,230,232
1611428201.245343,328,325,333,434,232,230,222,232,226
1611428201.25524,330,325,336,427,226,232,222,232,229
1611428201.265264,328,325,336,434,232,230,218,230,229
1611428201.275141,331,325,336,438,230,232,221,230,230
1611428201.285049,331,322,336,432,230,232,221,226,229
1611428201.294934,330,325,336,433,231,230,218,226,229
1611428201.304628,329,324,334,436,230,230,221,229,225
1611428201.31497,328,322,336,437,230,227,221,226,229
1611428201.325176,326,321,336,434,230,230,219,228,229
1611428201.335096,328,320,331,434,230,229,217,225,227
1611428201.345093,326,322,331,437,229,229,215,229,227
1611428201.355186,326,322,331,437,229,227,219,229,229
1611428201.364916,328,317,332,434,229,229,219,229,225
1611428201.374994,330,324,336,437,228,225,213,229,224
1611428201.385251,322,320,331,433,228,229,219,223,227
1611428201.395318,326,322,330,434,229,229,219,228,226
1611428201.405144,325,321,329,429,228,229,218,228,228
1611428201.415178,326,320,330,432,228,226,218,228,227
1611428201.424989,325,320,330,430,228,228,218,227,226
1611428201.434621,325,315,324,424,227,228,217,226,226
1611428201.445102,325,317,328,432,228,227,218,227,223
1611428201.454923,325,317,323,432,228,228,217,226,226
1611428201.464943,325,315,329,432,227,223,213,226,226
1611428201.475245,323,317,328,432,224,223,217,226,226
1611428201.485018,323,314,327,433,227,226,217,226,221
1611428201.494766,325,320,329,429,226,226,218,225,225
1611428201.505156,325,320,330,433,221,225,218,226,226
1611428201.515167,317,318,325,427,226,225,214,226,226
1611428201.525093,324,320,330,434,226,225,217,226,225
1611428201.535122,327,320,333,437,226,227,213,221,225
1611428201.545604,328,325,330,434,228,221,213,226,225
1611428201.555114,326,317,328,438,221,221,217,226,225
1611428201.565039,325,322,329,436,226,227,217,226,224
1611428201.574956,328,318,329,437,228,221,213,226,226
1611428201.584883,326,320,331,436,226,228,218,221,225
1611428201.594786,325,321,330,429,221,222,217,227,226
1611428201.605142,325,322,331,430,222,226,218,224,226
1611428201.615547,326,322,333,437,227,229,218,226,226
1611428201.62546,328,322,336,429,226,229,219,226,223
1611428201.635042,325,321,330,436,229,228,218,227,226
1611428201.644842,326,323,336,434,228,226,217,228,227
1611428201.65506,328,322,333,432,229,228,219,223,228
1611428201.664982,325,322,336,437,229,224,218,228,228
1611428201.675271,330,325,336,438,226,225,219,229,227
1611428201.685102,330,325,328,436,228,228,220,229,228
1611428201.695281,322,325,334,437,229,229,218,229,229
1611428201.705094,332,322,333,436,230,229,221,227,229
1611428201.714938,333,325,337,437,230,230,221,230,230
1611428201.725096,331,326,337,440,229,227,222,226,229
1611428201.735011,333,322,336,437,230,231,221,229,228
1611428201.745244,328,325,336,439,230,230,222,229,230
1611428201.75517,336,328,337,442,231,230,220,230,229
1611428201.765227,333,328,337,442,230,232,222,227,228
1611428201.77492,336,324,338,441,232,232,221,230,231
1611428201.784942,328,330,336,438,231,231,223,229,229
1611428201.795121,333,328,336,442,226,229,221,232,230
1611428201.805398,336,327,336,437,232,232,220,231,227
1611428201.815046,336,330,342,436,232,233,222,233,232
1611428201.82557,333,330,341,442,229,232,223,233,232
1611428201.834951,336,329,337,438,233,233,223,233,233
1611428201.845043,336,331,340,445,232,232,225,227,232
1611428201.855033,338,336,340,443,232,228,221,232,229
1611428201.86518,333,328,336,441,234,234,223,233,233
1611428201.875287,331,330,341,442,233,234,225,233,234
1611428201.885095,336,333,342,445,234,234,225,233,232
1611428201.894858,336,326,338,442,234,234,225,232,230
1611428201.905503,336,332,341,442,229,230,226,234,232
1611428201.91502,336,331,340,442,233,234,226,234,233
1611428201.925162,333,331,341,445,233,233,226,233,233
1611428201.935306,336,330,341,442,234,234,225,234,230
1611428201.944936,336,325,336,442,232,232,227,234,232
1611428201.955077,338,336,344,436,232,234,227,233,234
1611428201.965234,337,330,344,445,229,231,226,234,232
1611428201.975145,333,331,341,445,232,234,226,234,233
1611428201.985195,337,336,344,442,234,234,226,234,231
1611428201.994983,336,333,344,439,232,234,226,234,234
1611428202.005176,337,336,344,439,235,235,227,233,234
1611428202.015123,336,328,338,445,234,234,226,234,229
1611428202.02492,338,333,344,442,231,232,226,234,233
1611428202.034885,338,336,342,442,233,235,226,234,234
1611428202.045524,338,333,342,445,235,235,221,234,233
1611428202.055302,337,333,338,445,234,235,225,234,234
1611428202.065145,338,336,343,446,235,235,224,234,234
1611428202.075074,338,333,345,447,234,231,225,234,234
1611428202.084945,333,330,337,448,233,234,227,235,228
1611428202.094876,338,331,344,445,235,234,223,235,229
1611428202.105038,333,330,346,442,234,235,222,234,233
1611428202.115094,336,333,341,443,234,235,225,232,232
1611428202.125827,338,331,342,445,233,234,226,234,233
1611428202.135284,338,331,342,443,229,234,226,234,234
1611428202.145169,338,333,341,445,234,234,226,235,232
1611428202.154917,337,331,340,443,232,235,227,234,234
1611428202.165147,336,331,341,442,233,234,227,233,234
1611428202.175041,338,336,341,442,232,234,226,232,234
1611428202.185372,340,333,342,442,229,230,226,234,233
1611428202.195056,337,330,340,446,234,230,221,234,233
1611428202.205094,336,330,341,443,235,236,220,234,234
1611428202.215312,336,331,344,445,231,234,225,234,234
1611428202.225384,337,330,342,437,228,229,221,234,233
1611428202.235131,337,333,342,439,234,234,226,235,234
1611428202.245312,336,328,336,442,234,235,226,233,233
1611428202.255106,337,333,341,445,233,235,226,234,234
1611428202.265102,330,331,341,446,229,230,226,235,233
1611428202.275207,333,328,346,440,232,235,221,234,234
1611428202.285296,338,336,341,442,235,234,226,235,233
1611428202.295087,337,331,342,445,231,234,226,233,234
1611428202.305621,336,333,342,442,235,234,226,231,233
1611428202.315271,330,328,338,442,233,234,222,234,233
1611428202.325221,338,336,345,446,229,233,226,233,234
1611428202.335255,336,331,341,442,233,234,222,234,230
1611428202.345225,338,331,342,445,234,232,223,233,234
1611428202.355235,333,331,341,442,233,234,226,234,233
1611428202.365041,337,331,340,442,235,234,221,234,233
1611428202.375132,336,331,341,439,234,234,226,234,233
1611428202.385053,337,331,342,439,233,234,226,234,234
1611428202.394896,336,331,341,440,234,235,222,233,233
1611428202.405121,333,328,338,442,229,233,226,234,234
1611428202.415148,336,330,341,442,234,230,223,233,234
1611428202.425902,338,330,342,445,234,234,226,233,234
1611428202.43553,336,330,342,442,234,235,221,232,233
1611428202.444972,338,328,336,437,234,234,227,231,233
1611428202.455198,337,333,342,445,234,233,222,233,234
1611428202.46526,338,333,344,446,234,235,222,234,230
1611428202.475278,336,336,341,443,229,232,226,234,233
1611428202.485182,336,331,342,445,234,235,221,234,232
1611428202.495377,336,331,344,445,234,234,223,234,234
1611428202.505221,336,330,344,444,234,235,226,234,233
1611428202.515158,336,333,340,442,233,234,223,233,234
1611428202.525219,338,336,343,440,234,235,226,235,234
1611428202.535215,340,336,345,445,235,234,222,233,234
1611428202.545244,338,325,341,443,233,235,227,234,229
1611428202.555201,331,331,344,443,234,235,226,234,234
1611428202.564944,336,331,341,445,234,235,226,230,233
1611428202.57526,337,331,344,446,235,236,223,232,234
1611428202.585133,338,336,345,442,232,235,227,234,234
1611428202.595502,338,331,343,445,232,234,225,235,229
1611428202.605289,338,333,343,445,233,231,226,233,234
1611428202.61522,336,336,344,443,234,235,222,232,233
1611428202.625181,340,333,345,445,232,233,226,234,234
1611428202.635196,336,333,338,442,234,235,221,232,233
1611428202.645475,337,332,341,440,232,234,226,233,234
1611428202.655074,338,336,343,443,234,234,225,234,229
1611428202.665262,338,332,341,442,234,235,222,232,234
1611428202.675618,336,331,340,439,232,234,226,234,233
1611428202.685267,337,330,341,442,234,235,221,234,234
1611428202.695369,333,328,338,440,230,229,226,234,233
1611428202.705042,336,328,340,443,234,234,226,234,232
1611428202.715165,344,337,345,447,235,234,227,232,234
1611428202.725488,342,331,346,450,233,236,227,234,234
1611428202.735192,341,331,342,447,231,232,226,234,234
1611428202.745255,340,336,346,449,235,235,226,231,232
1611428202.755579,333,336,346,453,234,234,221,234,233
1611428202.76516,342,337,346,446,229,230,226,234,232
1611428202.775098,336,336,340,446,233,235,227,234,234
1611428202.785176,341,336,346,448,232,234,226,235,232
1611428202.795197,336,333,347,448,234,234,222,235,229
1611428202.805609,336,336,341,449,233,235,226,234,233
1611428202.815181,340,336,344,450,234,234,226,232,230
1611428202.825377,341,336,346,448,233,235,227,230,233
1611428202.835065,331,331,344,447,233,234,227,234,234
1611428202.845179,336,336,344,445,234,234,221,234,232
1611428202.854985,336,333,344,442,234,235,220,235,233
1611428202.865226,337,330,341,440,234,234,221,234,233
1611428202.874963,336,330,336,437,233,234,226,234,232
1611428202.885202,337,331,341,441,234,235,224,234,231
1611428202.895247,336,330,341,442,233,234,225,231,232
1611428202.905229,336,333,341,447,234,234,221,229,233
1611428202.915368,340,333,342,445,234,234,222,232,233
1611428202.925578,337,333,343,442,233,234,226,233,234
1611428202.935593,336,331,341,442,232,234,225,234,234
1611428202.945034,336,333,342,442,234,234,226,233,233
1611428202.955022,336,331,344,443,234,235,226,234,234
1611428202.965122,338,333,343,442,233,235,226,232,233
1611428202.975056,336,331,341,445,234,234,226,234,232
1611428202.985003,337,326,342,446,234,229,222,235,233
1611428202.994783,340,336,337,445,229,231,225,232,234
1611428203.005295,338,333,336,445,234,233,226,235,233
1611428203.015243,336,336,342,445,233,229,222,233,233
1611428203.025411,337,333,341,445,232,231,223,234,232
1611428203.034714,340,330,341,445,234,234,225,234,233
1611428203.04515,340,331,341,443,233,234,226,233,229
1611428203.055191,337,330,342,442,234,234,220,234,234
1611428203.065161,331,331,342,443,232,234,226,229,232
1611428203.075029,336,336,344,443,233,234,220,234,233
1611428203.084936,336,333,342,445,229,232,225,234,227
1611428203.095181,336,333,344,445,234,234,225,230,234
1611428203.104953,333,330,336,442,233,234,226,233,234
1611428203.11484,337,333,346,445,234,234,224,234,232
1611428203.125042,331,333,344,445,228,233,226,232,233
1611428203.135463,338,331,341,445,232,233,225,234,233
1611428203.145305,337,333,344,438,232,234,225,233,234
1611428203.155143,336,336,341,445,233,234,221,234,231
1611428203.165073,337,331,340,445,234,234,226,230,232
1611428203.175249,336,331,341,443,231,231,226,233,232
1611428203.185249,336,329,341,446,233,229,225,233,233
1611428203.195048,330,333,336,446,229,229,225,233,230
1611428203.205954,337,330,341,448,233,233,219,234,232
1611428203.21499,336,330,337,434,233,234,223,234,233
1611428203.224989,329,325,336,442,233,233,226,232,233
1611428203.235444,328,326,338,443,232,232,223,233,232
1611428203.244885,334,328,336,437,234,230,223,232,234
1611428203.25516,331,328,338,440,234,233,225,234,233
1611428203.265199,334,328,331,438,233,233,225,234,232
1611428203.274966,333,326,337,434,234,234,225,232,230
1611428203.28524,331,329,337,438,229,232,224,234,233
1611428203.295129,333,330,340,442,232,234,225,232,232
1611428203.3051,336,329,341,442,227,232,226,232,232
1611428203.315073,333,325,337,443,230,233,225,232,232
1611428203.325464,336,330,341,442,233,233,219,232,233
1611428203.335265,331,330,340,442,230,232,223,233,233
1611428203.345078,333,326,336,442,232,232,225,233,227
1611428203.355076,331,330,338,441,230,231,225,232,230
1611428203.365069,331,325,336,440,230,233,224,232,232
1611428203.374732,334,326,336,442,233,234,219,229,232
1611428203.384965,333,330,337,440,231,234,225,233,232
1611428203.395545,331,329,337,437,231,234,221,234,232
1611428203.405152,331,330,336,440,232,233,224,234,233
1611428203.414985,336,330,340,442,232,233,221,232,232
1611428203.425142,333,329,341,442,232,233,222,234,232
1611428203.435711,333,328,338,442,233,230,223,232,232
1611428203.445303,330,330,341,437,233,234,224,232,233
1611428203.455046,336,330,340,440,230,232,225,233,232
1611428203.465158,333,325,334,445,232,233,222,231,232
1611428203.474981,331,330,340,442,233,229,221,233,228
1611428203.485193,336,323,333,442,233,234,221,234,233
1611428203.494839,333,328,338,445,233,234,225,229,231
1611428203.505354,336,330,338,448,233,233,224,234,232
1611428203.515111,328,330,340,443,228,232,225,233,232
1611428203.525038,333,329,338,445,233,234,221,233,233
1611428203.535343,336,328,338,445,233,232,221,232,231
1611428203.545208,336,330,340,445,231,233,225,233,230
1611428203.555182,336,331,340,445,229,233,223,233,233
1611428203.565163,330,322,340,443,232,233,225,233,227
1611428203.575126,330,328,338,439,234,234,225,232,233
1611428203.585374,333,326,336,442,233,233,224,230,232
1611428203.595073,330,328,338,442,232,233,224,234,232
1611428203.604938,333,328,338,442,231,234,225,233,232
1611428203.615013,327,329,338,442,232,232,224,230,228
1611428203.625015,333,328,337,442,232,232,220,232,231
1611428203.634899,333,325,338,442,230,232,223,233,232
1611428203.645171,330,330,338,440,232,229,221,232,232
1611428203.655066,331,330,336,439,229,229,224,232,230
1611428203.665239,330,324,336,440,229,232,223,229,229
1611428203.67495,328,328,336,442,229,231,221,230,229
1611428203.685156,323,325,333,437,227,226,221,230,229
1611428203.695386,325,325,332,433,226,229,221,231,225
1611428203.705405,320,326,331,429,221,227,221,228,225
1611428203.714868,318,322,329,432,221,225,219,228,225
1611428203.724905,317,321,328,426,221,224,216,226,222
1611428203.734708,315,320,325,426,219,221,217,223,221
1611428203.745167,314,319,327,424,218,221,215,222,221
1611428203.755198,311,318,325,426,213,219,213,222,219
1611428203.765786,310,320,321,421,210,219,213,221,218
1611428203.775504,308,315,318,424,208,217,211,221,216
1611428203.784969,306,317,320,418,206,215,210,220,215
1611428203.795162,302,317,317,416,203,211,210,218,213
1611428203.805184,296,313,314,405,201,209,206,218,209
1611428203.81509,290,312,308,395,197,208,203,213,209
1611428203.825624,283,309,305,388,192,204,203,214,205
1611428203.835045,274,309,293,384,189,202,201,213,202
1611428203.84498,261,304,289,354,186,199,200,210,197
1611428203.855183,226,298,285,323,182,197,197,208,196
1611428203.865041,195,296,282,299,176,194,196,205,191
1611428203.875299,152,288,274,293,169,189,194,203,185
1611428203.885662,120,288,258,296,156,187,191,200,171
1611428203.895136,110,283,237,306,142,184,187,199,152
1611428203.905174,107,279,217,320,132,182,188,196,136
1611428203.915402,105,274,202,336,119,178,186,194,111
1611428203.925238,103,272,197,344,109,173,184,191,90
1611428203.93589,102,266,197,357,100,167,182,189,77
1611428203.944822,101,264,194,360,93,163,182,184,73
1611428203.955311,102,261,195,360,85,158,182,179,69
1611428203.965058,102,261,200,362,78,153,180,173,68
1611428203.975221,106,256,204,362,73,151,180,166,66
1611428203.985258,109,250,208,365,69,148,180,160,64
1611428203.995426,110,246,208,365,65,142,180,154,63
1611428204.005185,113,240,208,365,64,141,179,150,61
1611428204.015041,113,234,209,365,62,140,178,145,60
1611428204.025099,113,225,210,369,61,137,179,141,59
1611428204.034897,114,220,213,378,60,136,177,137,59
1611428204.045388,115,212,214,374,58,135,179,134,58
1611428204.05526,115,210,214,373,58,133,178,133,56
1611428204.065263,115,205,213,373,57,133,179,130,54
1611428204.074924,116,205,216,373,57,132,178,127,54
1611428204.085365,117,210,218,373,56,131,178,128,54
1611428204.095209,115,218,222,373,57,131,178,127,53
1611428204.104987,114,225,224,376,56,133,180,131,53
1611428204.114804,112,230,224,373,57,135,179,135,53
1611428204.124838,108,237,224,373,58,138,180,139,54
1611428204.135069,105,244,224,374,59,141,181,146,54
1611428204.145462,102,248,229,373,60,143,181,151,53
1611428204.155008,101,261,241,374,59,142,181,150,52
1611428204.165391,106,274,257,384,59,138,180,146,47
1611428204.175179,119,285,274,384,57,123,180,143,43
1611428204.18549,144,296,288,392,54,91,178,162,47
1611428204.195113,177,298,296,400,51,59,175,180,85
1611428204.204927,216,298,298,402,48,44,166,194,146
1611428204.215149,241,301,301,405,45,37,165,199,170
1611428204.224801,256,301,303,409,46,37,169,204,178
1611428204.235117,261,303,304,408,47,43,174,204,186
1611428204.245079,264,302,305,406,51,72,178,205,190
1611428204.255235,269,304,304,406,58,106,179,205,193
1611428204.265381,273,301,303,410,68,133,182,208,195
1611428204.275221,272,304,306,410,77,148,183,208,195
1611428204.28497,276,305,306,410,85,156,186,207,197
1611428204.295296,277,304,306,416,92,161,185,209,197
1611428204.304983,277,302,308,416,96,164,187,209,196
1611428204.315092,277,306,308,408,98,165,187,208,197
1611428204.324933,277,301,305,410,100,166,187,209,198
1611428204.334942,277,305,309,410,98,167,187,209,197
1611428204.3454,276,308,306,409,97,168,187,208,197
1611428204.354874,274,305,306,407,96,168,187,208,197
1611428204.364802,270,305,305,405,93,170,187,208,196
1611428204.37513,266,302,304,402,88,172,186,208,196
1611428204.385236,262,304,302,401,82,174,187,209,195
1611428204.395406,258,304,302,397,75,178,189,208,195
1611428204.405249,256,305,302,400,70,182,189,209,195
1611428204.415195,256,304,302,398,72,186,194,208,194
1611428204.424829,256,304,301,397,100,192,196,210,196
1611428204.435143,256,306,304,395,150,198,197,213,197
1611428204.445383,261,306,304,400,187,202,199,213,201
1611428204.45492,270,309,308,397,194,204,200,213,205
1611428204.4652,282,309,309,400,197,206,204,215,209
1611428204.475149,289,310,314,405,201,208,205,217,210
1611428204.485102,296,314,314,411,202,210,208,219,210
1611428204.495015,299,315,318,416,205,214,211,221,214
1611428204.505034,300,317,319,418,209,218,213,222,217
1611428204.515188,306,320,325,416,215,221,215,223,221
1611428204.525185,312,317,325,426,218,222,216,226,219
1611428204.535263,318,321,328,429,220,222,214,227,223
1611428204.545075,317,325,330,429,223,225,217,229,226
1611428204.555409,319,324,333,429,225,229,220,230,229
1611428204.56507,321,326,336,436,225,229,222,230,230
1611428204.574608,325,326,336,438,228,230,223,232,229
1611428204.584831,330,328,333,437,229,233,225,233,228
1611428204.595087,325,325,337,440,233,234,226,230,232
1611428204.605269,330,322,337,440,233,229,224,233,232
1611428204.615729,330,325,336,437,234,234,225,232,233
1611428204.625289,325,326,336,438,232,233,225,234,233
1611428204.635058,333,324,334,437,234,234,226,234,233
1611428204.64541,331,322,330,437,234,234,225,233,233
1611428204.655046,325,325,336,437,233,234,223,234,232
1611428204.665029,333,328,336,438,234,234,226,234,234
1611428204.675284,332,328,338,440,233,230,226,234,230
1611428204.685318,325,331,338,443,230,233,222,233,234
1611428204.695048,332,326,336,442,233,232,225,230,232
1611428204.70521,333,323,336,438,234,235,226,233,234
1611428204.714928,330,325,336,440,234,234,226,233,233
1611428204.725049,331,326,337,442,233,234,225,234,233
1611428204.734941,332,328,338,437,234,235,225,232,233
1611428204.744681,333,330,338,434,231,233,225,234,233
1611428204.754979,336,325,336,441,233,233,225,233,232
1611428204.764952,330,328,340,445,228,233,226,233,233
1611428204.774772,331,330,340,433,234,234,226,232,234
1611428204.785238,330,330,338,442,233,232,224,234,233
1611428204.795256,330,325,336,442,234,234,225,232,229
1611428204.805082,330,328,336,436,234,234,225,234,234
1611428204.81553,333,330,336,439,234,234,221,232,233
1611428204.825355,332,331,337,442,234,234,225,234,232
1611428204.835443,336,328,338,437,234,234,225,233,233
1611428204.845371,332,325,334,442,234,229,226,234,233
1611428204.855274,336,332,341,443,234,234,225,234,232
1611428204.865206,334,330,341,444,234,233,225,229,233
1611428204.875418,336,330,340,445,232,234,219,233,233
1611428204.88519,329,329,338,437,232,234,225,233,234
1611428204.895492,326,328,338,442,233,234,224,230,233
1611428204.905203,333,330,338,442,228,233,224,233,233
1611428204.915095,333,329,340,446,228,229,223,232,233
1611428204.925096,332,328,340,434,231,233,225,233,228
1611428204.935202,331,328,338,443,233,234,224,233,229
1611428204.945073,331,333,344,444,233,233,224,233,232
1611428204.955592,336,330,340,442,232,232,225,233,232
1611428204.965405,333,328,337,447,233,232,219,232,230
1611428204.975197,335,330,337,445,232,234,218,232,232
1611428204.985119,336,329,341,437,232,232,223,233,232
1611428204.995245,332,318,333,444,233,233,225,232,232
1611428205.004694,336,328,340,444,230,230,224,233,232
1611428205.015439,331,336,341,450,232,233,219,230,232
1611428205.025226,333,330,343,442,232,234,225,229,230
1611428205.034932,336,325,336,436,232,234,223,230,231
1611428205.045258,337,331,340,442,227,232,225,232,232
1611428205.055323,336,330,341,448,234,234,225,231,232
1611428205.065139,337,328,341,435,231,234,225,232,233
1611428205.075185,336,326,336,439,232,232,225,233,232
1611428205.085547,336,330,337,442,232,233,223,233,228
1611428205.095678,330,331,344,443,232,229,223,230,232
1611428205.104889,328,326,336,442,228,232,226,232,232
1611428205.115326,330,330,340,442,232,233,224,232,231
1611428205.125224,336,333,340,447,232,229,224,233,230
1611428205.13518,337,333,340,438,233,234,225,232,232
1611428205.14499,338,330,340,446,228,229,224,231,232
1611428205.155067,329,330,331,440,233,233,223,233,232
1611428205.164964,336,333,336,442,232,233,221,232,233
1611428205.175532,328,328,336,440,231,233,225,232,230
1611428205.185016,326,333,341,445,232,232,222,234,232
1611428205.195121,333,328,341,442,233,228,221,232,232
1611428205.205371,328,330,341,442,232,233,224,232,231
1611428205.215184,340,330,339,442,233,234,224,232,229
1611428205.225383,337,336,341,445,232,232,224,232,232
1611428205.235328,333,333,341,446,230,231,223,233,232
1611428205.245446,338,336,341,438,234,233,225,230,231
1611428205.255083,333,328,338,448,233,233,224,233,232
1611428205.265312,336,330,341,448,232,234,224,230,230
1611428205.2755,331,329,337,442,233,234,225,227,232
1611428205.284995,333,330,338,442,232,234,225,232,231
1611428205.294871,336,330,341,442,232,232,225,232,230
1611428205.30487,338,328,338,447,232,233,225,233,232
1611428205.315393,336,333,342,445,232,232,221,232,227
1611428205.325297,337,333,339,449,232,233,223,232,229
1611428205.335094,330,333,342,442,233,234,223,229,228
1611428205.345174,336,327,338,445,233,233,224,231,233
1611428205.355144,336,336,341,442,230,234,221,231,226
1611428205.365118,333,328,337,443,233,233,224,230,229
1611428205.375239,331,330,337,442,232,233,225,233,230
1611428205.384872,333,330,339,443,233,229,221,232,232
1611428205.395377,328,326,337,441,230,232,223,233,229
1611428205.405263,336,329,338,442,233,232,222,231,229
1611428205.415868,330,328,336,442,233,233,224,231,227
1611428205.425174,334,330,341,442,233,234,224,227,228
1611428205.435356,332,328,340,440,233,233,221,232,227
1611428205.445378,333,323,336,439,232,232,223,233,229
1611428205.455289,330,322,331,442,227,229,223,233,229
1611428205.465025,332,329,338,438,233,229,223,234,229
1611428205.475116,330,325,338,438,233,233,224,232,227
1611428205.485053,328,328,333,440,228,232,224,232,232
1611428205.495344,323,325,338,439,232,232,224,230,230
1611428205.504986,333,325,336,437,230,233,223,233,229
1611428205.514935,329,322,331,440,228,228,223,232,230
1611428205.525239,326,326,336,438,233,234,222,229,231
1611428205.535021,325,325,337,438,232,234,224,232,230
1611428205.545217,331,326,330,434,232,232,223,232,232
1611428205.555212,331,325,336,437,232,232,225,228,231
1611428205.565263,330,325,336,437,232,233,224,228,230
1611428205.575198,330,325,336,436,232,234,224,232,232
1611428205.585296,329,325,336,430,232,234,224,232,229
1611428205.595267,330,322,336,436,232,233,224,229,229
1611428205.605534,330,325,336,443,228,229,222,232,231
1611428205.615255,337,328,338,445,233,233,224,228,231
1611428205.62463,330,330,341,437,230,233,225,232,232
1611428205.63494,334,327,342,445,232,233,219,230,230
1611428205.645083,330,330,344,448,232,233,222,228,231
1611428205.655084,336,330,338,445,231,232,225,232,231
1611428205.665072,336,333,341,443,232,234,223,231,232
1611428205.67522,337,325,340,442,229,232,225,232,232
1611428205.685543,333,328,338,434,228,228,225,228,231
1611428205.695432,333,328,336,434,231,233,222,232,230
1611428205.705581,328,328,337,438,233,232,225,231,231
1611428205.715282,333,328,331,437,232,234,223,232,231
1611428205.724824,331,324,331,437,231,233,223,233,229
1611428205.735236,329,322,333,438,231,233,223,232,230
1611428205.745093,330,329,336,438,227,229,224,233,231
1611428205.755062,328,320,330,437,234,227,219,232,232
1611428205.765474,330,325,336,440,231,232,223,232,232
1611428205.775563,330,321,330,436,232,233,225,232,230
1611428205.785161,330,325,336,438,232,232,223,233,232
1611428205.794959,336,320,330,442,233,232,224,233,231
1611428205.804973,327,325,337,438,232,234,225,233,226
1611428205.815248,333,325,336,442,231,233,223,229,232
1611428205.825161,331,330,341,440,232,232,224,233,228
1611428205.835291,336,328,336,445,232,234,219,232,228
1611428205.845263,333,330,338,442,231,234,224,232,229
1611428205.855039,336,328,338,443,228,230,222,233,230
1611428205.8654,336,329,338,443,233,232,218,231,231
1611428205.8752,337,331,338,442,233,229,221,232,232
1611428205.885131,334,330,340,443,229,231,223,232,231
1611428205.895371,336,328,336,436,232,230,223,232,231
1611428205.905165,329,330,340,442,228,230,223,233,232
1611428205.915022,333,329,337,442,232,232,225,232,232
1611428205.924954,333,330,338,440,233,232,221,231,232
1611428205.935319,336,329,338,442,232,233,222,231,232
1611428205.94503,333,325,339,440,230,232,224,233,232
1611428205.95515,336,325,332,442,232,232,225,232,231
1611428205.96549,331,328,338,444,232,228,223,232,231
1611428205.975071,328,330,341,441,233,234,224,230,232
1611428205.985141,330,331,340,437,230,232,225,232,231
1611428205.995734,326,328,340,442,232,232,223,233,232
1611428206.005363,330,329,338,442,232,233,218,230,232
1611428206.01517,327,325,333,438,232,232,223,230,231
1611428206.025405,333,323,337,442,233,232,223,228,230
1611428206.034982,326,328,337,444,229,230,223,232,232
1611428206.04503,326,320,336,442,232,229,223,232,232
1611428206.055078,333,326,336,444,232,234,223,232,232
1611428206.064912,336,330,337,442,232,234,225,232,231
1611428206.07569,331,329,338,438,230,232,218,232,233
1611428206.085015,329,325,336,440,233,233,223,230,230
1611428206.095005,330,326,337,442,232,234,224,228,227
1611428206.105034,333,330,338,439,233,233,223,230,230
1611428206.115058,331,324,337,443,231,233,223,229,228
1611428206.124835,326,327,333,442,232,232,221,232,229
1611428206.135377,330,325,338,442,233,233,225,232,229
1611428206.144983,333,330,337,440,229,230,224,233,230
1611428206.155118,330,328,336,437,232,232,221,228,230
1611428206.165066,330,328,328,437,233,233,223,233,232
1611428206.174883,326,323,341,445,232,232,219,230,232
1611428206.184691,331,330,337,437,232,232,224,230,229
1611428206.194818,330,329,338,438,231,233,224,232,230
1611428206.204815,332,326,331,441,233,232,223,229,233
1611428206.215073,325,328,336,445,228,232,224,232,232
1611428206.224963,330,322,340,440,232,233,221,231,231
1611428206.235495,333,325,337,442,233,229,220,231,232
1611428206.245105,336,325,336,442,232,232,223,232,230
1611428206.255575,336,327,338,445,232,230,223,230,231
1611428206.265403,329,322,338,436,231,230,224,232,230
1611428206.275166,326,322,336,445,233,232,223,233,231
1611428206.285083,323,326,336,438,233,233,225,232,230
1611428206.295145,330,322,336,438,232,233,223,232,229
1611428206.305142,333,329,341,449,233,231,222,232,232
1611428206.314856,330,330,340,445,232,232,222,230,230
1611428206.325454,338,332,346,447,233,233,224,232,230
1611428206.335352,337,333,342,447,233,229,221,232,228
1611428206.345135,336,329,341,442,232,232,225,232,231
1611428206.355286,329,333,337,442,228,231,222,232,232
1611428206.364891,328,327,339,443,232,233,219,232,231
1611428206.375347,333,327,341,452,233,233,222,230,232
1611428206.385105,340,330,340,440,229,229,225,233,230
1611428206.395273,333,330,336,442,232,232,223,233,232
1611428206.405481,336,326,339,445,226,229,223,232,232
1611428206.415429,336,328,340,438,231,232,223,232,232
1611428206.424924,336,332,340,444,232,232,224,231,229
1611428206.435512,336,328,344,446,233,234,223,229,232
1611428206.445415,339,333,341,448,233,233,219,231,232
1611428206.455431,334,325,336,442,230,232,222,232,230
1611428206.465519,337,333,341,448,226,231,224,232,231
1611428206.475174,336,336,336,445,233,232,223,233,232
1611428206.485195,336,330,342,442,232,232,219,232,229
1611428206.495225,336,328,343,438,233,228,221,231,232
1611428206.505177,325,328,337,446,233,232,225,231,230
1611428206.514806,336,325,336,445,231,234,224,228,229
1611428206.525147,333,333,338,447,231,234,221,232,232
1611428206.535016,333,330,340,436,230,232,224,230,230
1611428206.544955,336,330,341,445,233,233,219,232,229
1611428206.555018,337,336,334,445,232,233,223,227,230
1611428206.565015,336,336,342,442,233,233,224,231,232
1611428206.574954,330,320,333,439,230,232,223,232,232
1611428206.585441,330,326,338,439,226,228,221,230,231
1611428206.595294,336,329,338,447,232,231,222,228,229
1611428206.605453,338,325,336,445,232,232,222,230,227
1611428206.615673,336,328,336,439,230,232,222,231,232
1611428206.625253,336,333,341,443,232,232,222,232,231
1611428206.63522,331,333,344,450,227,227,222,231,231
1611428206.644962,340,336,341,450,232,227,221,232,230
1611428206.654896,341,333,346,450,232,232,223,231,230
1611428206.664879,338,331,341,446,232,233,224,229,229
1611428206.675359,338,333,340,448,230,233,222,227,232
1611428206.685084,338,330,336,438,232,233,224,232,232
1611428206.695419,333,328,340,442,230,232,223,232,230
1611428206.705133,333,328,341,442,232,233,219,230,229
1611428206.715188,336,325,336,442,232,233,218,232,230
1611428206.725243,333,330,339,443,229,232,224,232,230
1611428206.73518,330,327,336,439,232,232,223,230,230
1611428206.745083,328,325,336,441,229,229,222,232,230
1611428206.754982,333,320,331,438,232,234,223,230,231
1611428206.764638,332,320,333,437,233,232,223,232,230
1611428206.775211,331,326,336,436,230,230,221,232,230
1611428206.784983,330,324,336,439,232,227,221,232,231
1611428206.794857,325,325,333,439,232,232,221,230,230
1611428206.804846,331,325,339,437,232,233,223,230,231
1611428206.814778,326,330,341,440,232,232,222,233,232
1611428206.825164,330,330,338,445,233,232,223,231,232
1611428206.835201,331,328,336,437,232,233,223,229,229
1611428206.845054,332,328,336,438,233,231,224,232,230
1611428206.854784,330,321,333,437,232,234,224,232,229
1611428206.865113,330,327,336,433,230,232,224,232,232
1611428206.875293,328,324,331,430,231,230,223,230,231
1611428206.885168,329,323,336,440,232,233,224,228,231
1611428206.894743,329,320,336,440,231,233,225,232,230
1611428206.904892,330,326,336,429,232,233,223,230,233
1611428206.91519,328,323,336,437,232,230,224,232,226
1611428206.925405,330,325,336,438,232,229,219,230,232
1611428206.935209,330,325,336,440,230,232,222,232,232
1611428206.945176,329,325,337,437,229,233,225,231,231
1611428206.95498,330,320,333,434,232,232,221,232,226
1611428206.964894,330,323,331,433,232,232,221,232,232
1611428206.975717,331,324,337,436,230,231,223,232,230
1611428206.985215,330,323,333,438,232,233,224,228,231
1611428206.99538,331,324,333,438,230,233,223,231,232
1611428207.005365,325,330,330,437,231,232,223,232,232
1611428207.015213,330,324,336,436,229,231,223,230,226
1611428207.024937,333,325,336,430,231,234,225,231,231
1611428207.034714,330,325,336,438,233,233,218,230,231
1611428207.045142,332,328,337,437,232,233,219,232,231
1611428207.05537,328,326,336,438,230,233,223,228,232
1611428207.065419,331,325,333,438,232,234,218,230,231
1611428207.075342,328,328,336,438,232,232,224,228,232
1611428207.085518,328,326,336,438,232,233,218,232,232
1611428207.095077,333,326,336,437,226,228,222,232,232
1611428207.10509,325,326,330,436,232,233,223,232,232
1611428207.115189,331,325,336,442,232,232,222,230,232
1611428207.125479,331,325,338,438,227,232,221,231,230
1611428207.135791,331,325,336,437,232,232,224,228,230
1611428207.144979,330,328,330,437,232,233,225,232,227
1611428207.155387,329,326,337,440,232,228,223,230,230
1611428207.165368,336,322,336,439,232,233,223,228,231
1611428207.175795,331,324,336,437,232,232,219,231,230
1611428207.185303,330,325,336,438,233,232,221,231,230
1611428207.194991,322,321,336,429,231,233,223,230,228
1611428207.205378,325,325,338,438,228,231,224,232,230
1611428207.21545,328,325,337,437,232,230,223,232,232
1611428207.225223,326,328,333,438,231,233,221,232,228
1611428207.235502,332,322,333,437,231,233,225,232,231
1611428207.244946,330,328,336,440,228,232,223,232,232
1611428207.255113,333,328,336,439,232,232,219,233,232
1611428207.265273,330,321,336,437,231,233,225,232,226
1611428207.275174,330,324,333,439,233,233,218,230,230
1611428207.285303,328,326,336,437,232,232,223,232,232
1611428207.294995,331,325,336,438,227,228,224,230,230
1611428207.304823,330,325,338,440,232,232,224,229,229
1611428207.315052,330,328,333,438,232,232,224,232,229
1611428207.325,331,324,336,438,232,232,223,229,230
1611428207.335028,330,325,336,437,231,233,223,230,231
1611428207.344841,330,322,333,445,233,232,222,231,229
1611428207.355247,330,328,338,437,230,233,224,233,230
1611428207.365062,330,326,338,437,232,229,223,232,230
1611428207.3749,331,325,336,438,230,233,223,231,228
1611428207.385323,330,325,336,438,232,234,224,230,229
1611428207.395214,330,325,336,440,233,230,219,232,230
1611428207.405433,330,326,337,442,231,232,219,230,230
1611428207.415244,333,325,336,440,232,234,223,232,231
1611428207.425002,331,325,336,439,231,233,223,232,231
1611428207.435355,330,326,338,439,232,228,223,232,232
1611428207.445068,332,326,336,437,232,233,224,228,226
1611428207.454989,331,325,336,437,232,232,224,228,231
1611428207.464865,333,326,337,437,232,232,219,230,232
1611428207.47491,330,326,337,440,231,233,223,232,232
1611428207.485134,331,325,337,442,232,233,225,229,230
1611428207.494975,329,327,338,436,232,233,222,232,232
1611428207.505306,336,333,337,442,232,232,221,230,232
1611428207.514993,336,325,341,445,230,230,222,231,230
1611428207.524906,336,330,342,445,232,227,220,232,232
1611428207.534965,330,327,336,443,232,232,222,232,230
1611428207.545176,335,336,346,445,229,232,225,232,231
1611428207.554914,336,326,336,439,232,233,220,232,232
1611428207.565081,336,325,341,447,231,234,224,228,231
1611428207.575135,341,336,345,449,231,233,222,228,232
1611428207.584826,333,334,339,444,232,233,224,232,230
1611428207.595518,336,330,341,442,232,234,224,232,232
1611428207.605463,333,330,338,442,234,233,223,227,230
1611428207.615263,336,330,339,438,232,233,224,228,232
1611428207.624878,336,325,341,444,232,227,221,232,232
1611428207.6349,333,326,344,448,232,232,225,230,226
1611428207.645271,341,336,346,448,228,232,225,231,231
1611428207.654814,338,337,346,450,229,229,225,232,232
1611428207.66491,339,325,338,442,233,233,223,232,232
1611428207.674715,336,330,338,437,232,233,223,228,229
1611428207.684873,336,330,341,443,232,233,223,229,232
1611428207.694993,336,330,341,442,230,230,224,232,228
1611428207.70549,338,330,336,442,232,228,222,231,231
1611428207.71501,336,331,341,434,232,232,224,232,232
1611428207.725113,330,326,341,443,232,232,224,230,230
1611428207.734944,336,330,338,448,230,231,223,234,232
1611428207.744989,337,336,338,438,231,233,225,232,232
1611428207.755102,338,331,339,448,232,232,224,232,233
1611428207.765018,340,336,348,444,232,232,225,229,230
1611428207.774968,333,336,347,443,232,233,223,229,229
1611428207.785244,341,331,343,446,232,233,223,232,230
1611428207.795265,336,337,346,446,233,233,220,230,230
1611428207.805105,331,336,347,451,229,230,223,233,232
1611428207.815112,341,338,346,449,233,234,224,232,232
1611428207.824829,340,336,347,455,232,228,222,232,230
1611428207.834813,340,336,347,452,232,232,222,233,230
1611428207.845028,342,330,341,450,233,232,224,233,231
1611428207.854689,338,330,341,449,233,232,218,233,232
1611428207.865102,336,331,346,452,232,229,218,232,232
1611428207.87531,338,326,338,449,233,234,221,231,231
1611428207.885527,338,333,346,450,233,233,223,228,232
1611428207.895608,336,331,344,448,232,233,225,232,232
1611428207.905639,340,336,340,449,227,232,224,232,232
1611428207.915126,336,336,346,445,230,232,223,229,228
1611428207.925189,341,336,341,450,233,233,223,232,232
1611428207.935323,341,336,346,442,228,230,222,232,232
1611428207.945034,336,336,346,453,232,233,224,229,230
1611428207.955149,341,336,349,451,232,232,224,231,230
1611428207.965066,341,336,347,458,233,233,223,233,232
1611428207.974989,341,333,348,453,229,231,223,233,232
1611428207.985379,341,336,344,447,231,232,223,233,233
1611428207.995071,341,336,346,452,230,231,225,232,231
1611428208.005256,341,338,349,455,234,229,219,232,231
1611428208.015203,341,338,352,454,228,228,224,233,229
1611428208.024777,343,339,347,457,229,232,223,233,232
1611428208.034834,343,341,349,445,232,234,221,232,232
1611428208.045061,342,338,342,450,232,233,223,232,232
1611428208.054913,344,336,346,450,232,234,219,231,232
1611428208.065138,336,336,346,448,230,233,225,232,232
1611428208.074901,341,336,346,449,230,232,223,232,232
1611428208.084865,341,336,343,442,230,232,224,234,232
1611428208.095559,341,336,344,453,232,232,224,232,232
1611428208.104897,341,336,346,449,229,232,225,232,232
1611428208.114949,341,336,346,446,232,234,223,230,232
1611428208.124639,341,330,344,452,231,233,224,233,231
1611428208.135042,341,328,344,449,232,232,218,233,233
1611428208.145381,336,336,346,447,233,234,224,229,232
1611428208.155041,338,336,344,448,233,232,224,232,232
1611428208.165193,339,336,344,448,227,233,225,232,232
1611428208.17531,341,336,347,453,233,234,223,230,232
1611428208.18531,344,331,347,453,232,233,223,233,229
1611428208.194785,343,333,344,450,228,229,223,233,232
1611428208.20515,341,336,347,448,232,232,223,233,227
1611428208.215006,343,338,346,450,232,232,223,232,226
1611428208.225338,346,334,352,459,232,233,223,233,232
1611428208.234813,349,341,352,458,232,233,223,229,232
1611428208.244841,341,339,346,457,230,233,224,233,231
1611428208.255496,346,338,349,453,232,233,223,232,232
1611428208.264919,346,341,352,458,228,229,222,233,229
1611428208.275152,338,337,342,453,233,232,223,232,227
1611428208.285457,344,340,349,453,233,234,223,232,232
1611428208.294728,343,337,349,453,229,232,225,232,232
1611428208.304964,344,338,349,458,233,233,221,233,232
1611428208.314908,344,341,347,453,231,234,224,233,230
1611428208.32523,346,341,353,458,229,233,225,232,231
1611428208.335244,346,340,349,453,232,233,222,233,232
1611428208.345142,347,341,349,458,231,233,223,233,233
1611428208.355304,346,336,346,456,232,234,223,230,232
1611428208.365843,346,336,349,455,232,234,224,232,227
1611428208.375394,344,338,347,456,232,232,221,232,232
1611428208.385202,344,333,347,458,233,233,223,229,230
1611428208.395463,343,341,349,453,231,232,225,231,227
1611428208.405062,346,341,346,458,232,233,223,233,233
1611428208.4151,346,341,346,459,232,232,225,232,230
1611428208.424919,346,337,349,452,232,233,223,233,233
1611428208.434927,345,336,346,456,228,229,223,232,230
1611428208.444939,347,338,351,448,231,232,223,233,232
1611428208.45478,342,338,352,456,232,233,222,233,230
1611428208.46558,341,338,349,453,228,233,225,227,231
1611428208.474766,343,334,348,450,233,233,224,230,232
1611428208.485528,340,331,344,453,233,230,223,232,232
1611428208.495225,346,338,349,453,226,229,223,233,232
1611428208.50505,338,340,349,451,227,233,221,232,233
1611428208.515157,342,336,344,446,229,229,223,232,232
1611428208.525053,337,336,344,448,227,232,225,232,232
1611428208.534906,336,336,342,450,232,232,223,232,231
1611428208.545241,338,330,343,445,232,234,225,233,231
1611428208.554961,337,331,342,442,232,232,219,232,233
1611428208.564979,338,336,343,448,233,233,224,232,230
1611428208.575072,333,336,344,448,226,229,223,232,232
1611428208.585073,338,336,345,445,229,232,224,233,230
1611428208.595165,331,330,337,449,232,234,222,232,230
1611428208.60521,341,331,342,445,232,233,224,231,232
1611428208.614933,336,333,344,451,233,232,225,233,232
1611428208.625286,341,338,344,438,230,232,224,232,231
1611428208.635148,330,332,338,447,231,233,223,230,232
1611428208.645019,334,336,346,445,232,233,219,232,232
1611428208.655331,337,336,346,446,233,232,225,230,230
1611428208.665404,344,337,347,447,231,232,223,233,233
1611428208.675026,341,333,344,456,232,232,224,232,228
1611428208.685304,339,336,345,445,231,233,225,232,232
1611428208.6948,340,336,347,448,233,233,221,232,232
1611428208.704835,338,333,342,448,233,233,225,232,227
1611428208.715323,341,336,346,448,232,233,225,232,230
1611428208.724993,340,337,347,449,231,230,224,231,232
1611428208.73527,341,331,343,449,232,234,225,232,231
1611428208.745157,338,333,344,445,232,232,222,230,232
1611428208.755644,340,336,345,447,228,229,223,231,230
1611428208.765199,336,337,346,452,232,229,225,228,232
1611428208.77531,341,336,345,451,230,231,223,234,231
1611428208.785118,341,331,341,445,233,234,225,232,228
1611428208.795297,337,331,344,453,232,234,223,227,230
1611428208.805195,337,336,347,448,230,233,223,230,230
1611428208.81523,338,336,338,443,230,233,223,231,229
1611428208.825182,338,336,340,448,229,232,223,232,230
1611428208.835088,336,336,338,448,229,232,222,230,229
1611428208.844696,333,331,338,444,228,230,222,232,228
1611428208.855034,330,330,337,447,224,227,221,229,228
1611428208.864629,330,336,341,440,225,229,221,230,229
1611428208.875245,331,332,341,446,225,228,220,227,225
1611428208.885085,326,326,333,442,222,225,219,228,224
1611428208.894887,321,325,332,434,218,222,218,225,221
1611428208.904954,320,325,329,438,218,221,214,222,219
1611428208.914875,318,325,329,430,216,221,211,222,220
1611428208.925186,315,322,326,429,213,219,212,221,218
1611428208.934933,310,321,325,422,210,217,210,219,214
1611428208.945141,308,322,322,421,205,213,209,218,214
1611428208.95533,301,314,320,416,202,210,206,217,210
1611428208.96484,296,317,314,411,197,208,204,214,206
1611428208.975449,288,310,308,405,193,203,202,213,203
1611428208.985016,288,312,306,397,188,200,198,212,201
1611428208.995239,282,304,298,400,187,197,197,205,195
1611428209.004836,272,302,299,395,185,194,194,205,195
1611428209.015311,224,298,296,390,175,192,191,202,191
1611428209.025085,171,296,293,384,154,187,189,199,189
1611428209.034951,124,292,288,365,135,187,187,196,178
1611428209.044733,114,293,288,366,114,182,183,193,154
1611428209.05503,114,288,271,372,93,171,182,192,125
1611428209.065199,125,280,256,370,76,157,182,190,93
1611428209.075356,134,282,249,370,70,146,180,187,80
1611428209.085301,143,278,241,373,67,138,179,180,76
1611428209.095691,146,274,232,373,68,133,178,172,74
1611428209.10567,150,269,226,373,68,130,178,164,71
1611428209.115149,150,264,215,374,68,128,178,160,71
1611428209.125416,149,257,204,374,67,126,175,162,70
1611428209.134731,144,248,190,373,66,129,176,162,69
1611428209.14507,140,241,175,375,66,130,175,165,68
1611428209.154851,133,232,154,375,66,134,178,170,67
1611428209.165322,122,225,132,373,66,138,178,175,68
1611428209.175309,113,227,113,375,66,142,178,181,66
1611428209.185488,107,228,99,374,67,148,179,183,66
1611428209.195162,104,231,93,370,66,154,181,186,66
1611428209.205013,101,239,85,366,66,160,182,186,67
1611428209.215092,99,246,80,363,66,164,183,189,69
1611428209.22507,95,256,76,356,65,168,183,190,73
1611428209.235214,92,260,71,346,66,170,184,192,74
1611428209.245336,93,264,69,344,68,173,185,191,77
1611428209.255217,91,263,66,344,67,173,185,193,76
1611428209.265144,90,261,67,353,67,173,185,193,71
1611428209.274923,90,261,69,366,66,171,184,190,64
1611428209.285075,89,268,101,376,64,168,185,189,57
1611428209.2953,91,283,226,387,64,160,185,187,44
1611428209.304825,102,298,285,400,61,145,185,186,35
1611428209.315014,134,301,299,405,60,115,183,184,33
1611428209.324906,197,306,308,410,56,58,181,193,79
1611428209.334844,242,306,306,409,52,38,177,198,161
1611428209.345093,256,304,308,416,52,36,174,202,184
1611428209.355167,272,308,314,408,57,47,173,204,190
1611428209.365382,274,306,312,416,74,101,177,206,194
1611428209.375088,279,308,309,411,93,138,178,205,196
1611428209.385276,280,308,315,416,109,157,178,206,198
1611428209.394882,279,309,315,411,120,165,181,205,198
1611428209.405153,283,314,317,416,127,170,181,207,197
1611428209.415159,280,309,314,411,132,174,181,205,198
1611428209.424862,279,309,314,407,135,177,183,206,198
1611428209.434941,282,309,314,406,138,178,183,206,199
1611428209.445133,278,309,314,405,141,181,184,206,199
1611428209.455327,280,307,312,410,144,182,184,206,200
1611428209.465002,279,310,314,410,148,184,186,205,198
1611428209.474955,281,307,311,410,151,183,186,206,197
1611428209.485179,282,308,312,410,155,186,189,205,197
1611428209.495156,282,307,312,410,158,185,189,207,198
1611428209.504958,282,308,308,416,164,189,192,207,198
1611428209.515043,284,309,311,416,170,192,193,209,199
1611428209.525284,282,308,312,416,178,195,197,206,198
1611428209.534748,288,309,309,416,184,196,197,210,201
1611428209.544969,285,309,312,416,187,199,198,212,202
1611428209.554877,285,309,314,416,189,202,201,213,203
1611428209.565278,289,312,314,416,194,205,202,214,206
1611428209.57502,296,317,314,418,198,207,202,216,210
1611428209.58499,301,316,320,418,202,209,205,216,212
1611428209.594782,306,321,324,421,204,209,208,218,213
1611428209.605166,308,322,328,424,205,212,209,220,213
1611428209.614773,311,322,328,432,207,217,210,221,217
1611428209.624753,318,325,331,436,212,219,212,223,218
1611428209.634895,320,331,336,437,216,221,214,225,218
1611428209.645859,326,331,336,440,219,222,216,225,222
1611428209.655037,326,333,341,445,219,223,215,227,224
1611428209.665099,330,331,341,445,222,225,218,229,226
1611428209.675267,331,332,341,447,225,229,218,227,227
1611428209.684785,340,333,349,447,229,230,218,232,230
1611428209.694781,337,336,349,456,227,227,222,232,230
1611428209.705117,341,334,349,448,230,232,223,232,230
1611428209.715436,344,338,352,453,231,230,222,231,229
1611428209.72492,343,340,352,461,228,232,223,230,232
1611428209.734829,347,341,347,456,233,233,223,230,232
1611428209.745013,343,339,345,453,231,232,224,233,232
1611428209.755267,336,336,346,449,233,234,223,231,229
1611428209.765099,339,334,341,446,232,232,223,232,232
1611428209.77518,337,336,344,448,233,233,221,233,232
1611428209.784959,335,337,346,445,231,232,223,233,232
1611428209.794818,338,331,349,450,233,229,223,232,230
1611428209.805447,340,331,349,453,232,233,220,232,232
1611428209.815068,340,339,346,452,232,232,223,232,232
1611428209.824884,344,338,350,458,232,232,224,232,232
1611428209.835573,344,332,346,452,233,233,223,230,229
1611428209.845212,342,340,346,454,230,232,223,231,226
1611428209.854909,341,336,349,453,232,233,224,231,226
1611428209.865327,346,340,352,448,229,232,223,234,232
1611428209.875139,344,336,347,456,232,232,224,232,228
1611428209.885034,344,340,349,454,233,229,222,232,232
1611428209.894779,338,338,349,458,232,233,223,232,231
1611428209.904913,341,338,349,456,230,233,225,231,232
1611428209.914844,344,340,352,458,233,232,223,229,232
1611428209.925285,341,337,349,458,233,233,225,228,230
1611428209.935091,337,336,348,453,232,232,225,229,231
1611428209.944802,344,341,349,457,233,234,219,230,230
1611428209.955016,344,340,350,452,232,232,224,232,232
1611428209.965371,340,333,341,456,232,234,222,229,229
1611428209.974989,342,333,346,454,233,234,225,232,226
1611428209.985036,343,341,349,453,230,232,225,232,232
1611428209.995001,336,338,349,453,233,234,224,231,228
1611428210.005525,342,337,348,453,232,231,222,233,232
1611428210.015148,343,337,349,453,233,228,220,232,231
1611428210.025136,341,338,349,453,232,233,225,232,232
1611428210.03508,342,336,346,453,234,234,224,229,229
1611428210.045317,342,336,347,450,232,232,223,232,227
1611428210.05521,344,336,347,454,233,228,221,232,231
1611428210.065125,341,338,349,451,231,234,225,232,232
1611428210.075051,342,337,348,446,232,232,223,233,232
1611428210.085085,341,336,347,453,234,232,223,231,232
1611428210.095077,346,341,349,457,231,233,223,228,231
1611428210.105455,338,340,347,456,230,233,224,229,230
1611428210.115065,340,340,350,458,234,233,220,230,230
1611428210.125105,344,336,347,456,232,233,218,230,231
1611428210.134969,341,337,345,453,233,234,225,232,230
1611428210.145066,341,340,348,453,234,234,223,232,232
1611428210.155586,342,336,346,448,232,233,225,232,231
1611428210.165197,344,341,347,454,230,232,224,232,233
1611428210.17506,344,340,349,454,234,229,221,232,232
1611428210.185248,345,341,352,454,233,233,223,233,229
1611428210.194849,338,338,349,454,233,233,218,232,232
1611428210.204997,342,338,340,453,233,234,223,230,228
1611428210.215373,346,341,352,458,229,232,223,233,233
1611428210.225275,342,343,347,452,232,234,224,232,227
1611428210.235092,346,336,351,453,233,232,224,230,231
1611428210.245445,342,341,349,453,233,231,221,233,232
1611428210.254983,342,338,347,454,234,233,223,232,230
1611428210.265228,343,337,346,450,232,234,225,232,231
1611428210.275219,338,336,349,453,232,234,224,229,232
1611428210.285043,344,341,349,456,233,233,223,232,228
1611428210.295086,336,338,350,458,232,234,222,232,231
1611428210.305019,343,338,347,458,234,234,223,229,231
1611428210.31534,340,339,350,458,232,232,225,232,232
1611428210.325241,342,336,349,456,233,232,223,231,230
1611428210.334989,343,338,349,456,232,232,226,233,232
1611428210.345058,343,337,348,453,233,233,223,232,229
1611428210.355119,338,338,346,458,233,232,222,232,231
1611428210.364841,336,336,349,445,232,232,223,233,232
1611428210.374793,341,336,346,453,232,233,224,230,232
1611428210.385543,342,336,344,450,232,233,221,230,229
1611428210.395406,341,337,343,452,230,232,221,232,229
1611428210.404969,336,336,340,449,231,229,223,233,230
1611428210.415171,333,331,346,453,232,232,224,233,229
1611428210.424904,341,336,343,448,234,234,221,229,232
1611428210.43514,337,330,342,446,232,232,225,233,232
1611428210.445183,336,331,340,446,232,233,223,232,228
1611428210.455031,336,333,338,448,232,232,224,233,230
1611428210.464913,336,330,341,447,232,234,225,229,232
1611428210.475232,340,336,341,442,232,232,225,231,232
1611428210.485145,340,325,336,448,233,234,226,229,231
1611428210.495138,341,333,342,449,234,234,219,233,232
1611428210.505695,338,336,346,447,232,233,224,234,232
1611428210.515601,336,333,344,448,227,229,223,233,231
1611428210.525229,333,333,341,452,233,233,225,233,231
1611428210.535552,337,333,343,451,234,233,225,233,233
1611428210.545043,341,331,342,449,233,234,225,233,228
1611428210.555063,341,330,340,448,234,234,224,232,228
1611428210.564788,337,333,344,449,233,234,219,233,233
1611428210.575286,338,333,344,449,232,233,224,229,230
1611428210.585198,336,329,342,450,233,232,224,234,229
1611428210.595304,332,330,338,445,229,229,222,233,232
1611428210.605209,337,336,344,450,233,234,225,233,232
1611428210.61529,340,333,346,452,232,228,222,233,232
1611428210.625237,340,336,347,448,232,234,223,233,232
1611428210.635008,340,330,346,452,228,232,223,233,233
1611428210.64526,341,336,336,453,232,233,225,233,232
1611428210.65501,331,336,346,454,231,232,223,233,232
1611428210.665506,331,336,345,453,232,234,220,234,233
1611428210.675039,336,333,344,450,229,233,224,232,231
1611428210.684927,340,336,347,445,232,233,224,233,232
1611428210.69505,341,336,345,450,228,231,223,233,233
1611428210.705676,338,333,346,449,234,234,225,232,232
1611428210.715354,341,333,341,446,232,234,225,233,229
1611428210.725414,338,336,343,440,232,234,226,233,231
1611428210.735411,337,336,342,443,234,232,222,233,234
1611428210.746227,336,333,346,447,233,234,225,230,233
1611428210.755178,338,335,346,450,229,230,224,233,232
1611428210.764816,338,336,342,443,229,228,224,232,230
1611428210.775388,336,333,344,445,234,234,226,234,228
1611428210.785272,337,333,344,445,234,233,218,229,232
1611428210.795159,337,325,340,443,232,234,225,233,227
1611428210.804889,336,329,342,445,234,233,225,234,228
1611428210.814907,336,330,342,445,228,231,224,232,232
1611428210.825065,336,330,341,448,234,234,225,234,232
1611428210.835275,338,333,342,446,232,234,225,232,232
1611428210.844899,340,329,346,448,234,234,225,231,232
1611428210.85568,340,336,341,448,230,233,224,234,233
1611428210.865668,338,331,346,445,234,234,226,232,232
1611428210.875594,338,333,344,448,232,230,225,233,232
1611428210.884994,337,336,346,445,234,233,224,229,228
1611428210.894846,336,336,342,443,232,234,225,234,232
1611428210.905277,336,325,342,450,232,233,224,233,233
1611428210.914845,340,331,344,447,232,229,222,233,232
1611428210.924794,341,331,344,445,232,230,225,234,232
1611428210.935027,337,330,346,445,231,232,225,233,232
1611428210.945295,337,336,346,453,234,234,220,232,232
1611428210.955464,338,331,342,448,232,234,224,233,228
1611428210.965064,338,336,346,448,233,234,222,232,232
1611428210.975722,338,331,341,446,233,228,222,234,232
1611428210.985058,340,336,342,443,234,234,226,232,232
1611428210.995241,336,333,342,440,234,234,220,231,232
1611428211.005317,336,333,343,447,233,234,222,232,229
1611428211.015245,338,331,342,446,233,229,222,232,233
1611428211.025059,338,330,341,447,228,232,223,233,233
1611428211.035678,336,332,342,446,232,232,225,234,233
1611428211.045168,338,332,338,447,233,232,224,234,232
1611428211.055126,334,325,336,445,233,233,222,233,233
1611428211.065086,338,333,340,445,229,234,225,232,232
1611428211.074929,337,328,338,442,228,230,223,233,233
1611428211.085194,336,330,344,443,233,234,224,234,234
1611428211.095616,336,330,342,440,229,229,225,233,232
1611428211.105855,338,333,338,442,232,235,226,233,234
1611428211.115488,336,328,340,443,230,230,226,234,232
1611428211.125029,337,333,344,445,229,233,224,232,232
1611428211.134933,337,336,344,446,232,234,223,232,230
1611428211.144953,338,333,339,448,233,234,224,232,233
1611428211.154945,338,330,338,440,234,234,220,233,233
1611428211.165179,337,333,338,448,231,233,225,234,232
1611428211.175128,333,330,341,448,233,234,225,233,228
1611428211.184903,339,331,344,454,233,234,224,229,232
1611428211.194983,338,336,345,446,232,233,225,230,230
1611428211.205173,337,333,346,442,228,229,219,234,230
1611428211.214988,338,330,346,445,233,234,224,233,232
1611428211.225481,338,333,346,446,233,234,225,233,229
1611428211.235194,340,336,346,453,233,234,226,233,233
1611428211.245943,341,336,349,448,234,230,222,234,233
1611428211.255206,341,333,341,448,234,234,221,233,232
1611428211.265036,339,340,349,453,229,232,225,234,233
1611428211.275082,341,336,344,443,232,234,225,232,233
1611428211.285302,341,330,345,453,232,232,226,234,232
1611428211.294885,341,336,345,445,232,233,224,232,232
1611428211.304941,333,331,344,449,232,232,223,234,233
1611428211.315122,337,333,346,449,232,233,221,234,233
1611428211.325439,341,336,346,453,229,232,225,229,233
1611428211.334971,338,336,346,450,233,234,226,233,230
1611428211.345522,340,336,345,447,229,232,224,234,233
1611428211.354849,338,336,346,449,232,228,221,233,233
1611428211.365164,341,336,342,449,234,234,222,234,233
1611428211.375541,340,336,345,448,229,232,225,234,233
1611428211.385453,340,336,343,447,234,235,226,230,234
1611428211.395627,337,336,344,449,234,234,225,234,233
1611428211.405039,341,338,347,449,233,231,225,233,233
1611428211.415407,341,333,346,453,233,234,225,229,230
1611428211.425003,342,336,346,452,233,234,226,232,230
1611428211.435122,342,338,347,447,233,234,226,233,232
1611428211.44541,342,334,349,445,234,234,226,232,234
1611428211.455033,342,336,346,446,233,233,226,233,227
1611428211.465357,336,338,345,453,232,233,225,234,232
1611428211.475343,336,336,346,449,234,235,226,231,230
1611428211.484947,341,331,345,453,234,233,225,230,229
1611428211.494966,342,336,345,446,230,233,225,233,233
1611428211.5055,342,338,347,454,234,235,225,233,233
1611428211.515051,341,336,346,443,233,233,224,234,234
1611428211.525339,340,333,341,449,234,233,226,233,233
1611428211.535442,341,336,348,453,233,234,224,230,230
1611428211.545198,340,336,345,449,233,235,225,234,234
1611428211.554975,342,336,341,446,233,234,220,234,229
1611428211.564877,336,336,346,449,234,234,225,229,230
1611428211.574805,338,336,347,450,233,234,221,233,232
1611428211.58521,340,337,346,448,232,234,225,229,233
1611428211.595346,341,333,344,447,234,234,226,233,233
1611428211.605377,340,338,349,446,231,234,226,233,232
1611428211.615273,342,336,346,453,234,234,221,233,232
1611428211.625079,341,333,346,453,234,229,221,234,232
1611428211.635603,340,337,348,448,233,234,226,234,233
1611428211.645161,341,338,348,450,233,231,225,232,232
1611428211.655301,333,336,346,443,234,234,221,232,234
1611428211.664786,338,336,349,449,233,234,225,229,230
1611428211.675361,341,336,346,453,233,232,226,234,232
1611428211.685367,341,336,349,450,234,234,226,233,229
1611428211.695233,340,331,345,450,233,234,224,234,229
1611428211.70533,341,338,346,453,233,234,226,233,232
1611428211.715052,341,336,345,448,233,229,223,232,232
1611428211.725137,337,336,346,447,234,235,225,233,233
1611428211.735423,338,330,346,450,233,234,226,233,228
1611428211.745636,341,330,344,453,234,234,225,234,227
1611428211.755137,338,330,346,450,234,234,224,233,232
1611428211.765242,340,336,348,451,233,229,224,234,232
1611428211.774936,340,338,346,451,234,234,226,233,232
1611428211.785227,340,336,346,449,234,234,221,233,232
1611428211.795139,336,336,346,453,233,234,226,232,232
1611428211.805065,338,336,345,456,229,233,224,234,233
1611428211.815185,341,336,344,447,234,233,226,233,232
1611428211.824868,342,330,342,450,232,234,225,234,228
1611428211.835032,344,338,346,450,232,235,226,232,233
1611428211.844861,342,330,346,451,233,233,224,234,232
1611428211.855186,341,337,346,448,232,232,225,234,233
1611428211.864933,341,333,346,454,234,234,225,229,232
1611428211.875324,341,334,341,448,233,234,226,234,233
1611428211.885192,336,333,346,458,234,235,225,231,232
1611428211.895344,344,339,349,458,234,234,225,231,234
1611428211.905083,342,340,349,445,233,234,225,234,230
1611428211.914916,341,338,349,458,234,234,226,230,234
1611428211.925081,337,336,347,450,234,234,226,232,233
1611428211.935187,341,338,349,453,234,233,223,233,228
1611428211.946008,344,341,347,453,233,235,225,233,232
1611428211.963125,342,336,349,452,233,234,225,233,232
1611428211.968061,331,336,343,439,229,230,222,232,229
1611428211.976745,343,336,341,447,234,234,226,233,233
1611428211.98542,339,338,346,453,232,234,225,230,232
1611428211.995383,341,336,346,453,232,233,227,233,233
1611428212.005148,342,333,341,450,233,234,225,234,232
1611428212.015282,341,337,347,449,233,235,225,233,232
1611428212.025063,341,336,346,448,233,234,222,234,228
1611428212.034956,340,336,346,453,231,234,226,234,229
1611428212.045183,341,336,341,450,233,233,225,235,232
1611428212.054878,341,336,346,445,234,234,223,232,233
1611428212.064728,344,340,348,454,234,234,225,230,233
1611428212.075037,346,339,352,458,229,234,226,233,234
1611428212.085342,346,338,350,458,230,230,226,234,233
1611428212.095107,340,336,347,453,233,234,226,229,230
1611428212.104889,338,337,346,451,232,234,226,234,233
1611428212.115192,337,337,349,453,233,234,226,229,230
1611428212.125028,344,337,349,448,234,234,226,232,231
1611428212.135181,341,336,347,458,233,234,226,232,230
1611428212.145033,338,336,347,454,233,230,226,234,233
1611428212.155149,339,336,349,456,233,230,225,234,232
1611428212.165237,331,336,346,448,234,234,227,233,233
1611428212.175401,340,336,343,442,232,234,226,233,233
1611428212.185133,341,333,341,450,234,234,226,229,233
1611428212.195182,336,336,346,451,232,234,226,233,234
1611428212.205305,336,336,347,453,233,235,225,234,233
1611428212.215148,342,336,347,449,232,234,225,234,233
1611428212.224998,341,330,344,451,234,234,226,234,233
1611428212.235025,341,333,346,451,232,235,226,234,233
1611428212.244948,340,336,347,453,229,230,221,234,234
1611428212.254769,341,336,344,450,234,235,226,229,231
1611428212.264914,341,338,346,454,232,232,225,233,232
1611428212.275009,340,338,346,451,232,235,226,233,233
1611428212.284919,336,333,349,457,233,233,225,234,232
1611428212.294676,342,340,350,450,230,233,225,234,233
1611428212.305322,345,338,346,458,234,235,221,234,229
1611428212.31531,346,341,350,453,234,234,225,232,232
1611428212.32523,344,337,349,454,232,232,226,233,229
1611428212.335257,341,338,350,450,229,232,221,234,233
1611428212.345343,338,336,343,453,234,234,221,234,229
1611428212.355551,341,336,345,458,234,234,225,230,232
1611428212.36548,342,330,342,454,234,235,223,234,234
1611428212.375098,336,339,349,447,233,234,226,234,234
1611428212.385233,341,333,345,453,232,234,226,235,230
1611428212.395074,341,338,348,445,232,234,226,234,233
1611428212.404859,341,336,344,452,233,234,225,233,233
1611428212.415054,339,336,346,452,229,232,226,234,232
1611428212.425152,338,336,344,451,230,229,225,233,234
1611428212.435513,343,336,346,454,234,234,225,232,233
1611428212.444994,344,338,349,450,234,235,226,235,232
1611428212.455409,336,336,347,450,235,235,225,230,231
1611428212.465031,344,338,349,448,231,231,221,234,234
1611428212.475268,342,338,346,449,231,233,225,234,235
1611428212.485057,340,336,346,453,229,229,226,230,232
1611428212.494783,340,336,346,446,234,235,223,232,232
1611428212.505352,341,340,352,458,234,235,226,229,233
1611428212.514979,344,341,350,458,229,231,225,234,232
1611428212.525098,344,340,346,453,234,235,220,234,233
1611428212.53509,344,341,346,453,233,235,226,229,232
1611428212.545452,341,338,352,454,234,235,221,231,233
1611428212.555203,342,337,349,446,232,234,226,233,230
1611428212.564988,344,338,349,445,229,231,222,233,229
1611428212.575208,338,338,344,453,232,234,226,234,234
1611428212.585168,346,337,347,453,228,233,226,233,233
1611428212.595306,340,336,347,453,232,234,226,234,232
1611428212.605052,341,338,349,453,233,235,226,234,234
1611428212.614816,343,338,349,453,234,234,225,234,230
1611428212.625117,341,340,352,454,233,235,225,232,233
1611428212.635054,344,340,349,453,234,234,226,232,233
1611428212.645091,346,336,349,456,234,235,226,232,230
1611428212.655035,345,336,347,458,233,234,223,234,232
1611428212.665039,342,336,343,455,234,233,226,233,230
1611428212.67543,343,340,346,454,234,235,225,234,232
1611428212.685156,342,340,349,453,234,234,227,234,229
1611428212.69519,343,338,348,458,234,235,226,233,230
1611428212.705384,342,332,342,454,233,234,226,234,232
1611428212.714797,337,336,349,451,233,235,226,233,234
1611428212.725339,345,338,350,456,235,235,226,233,229
1611428212.735234,345,340,347,453,229,232,225,234,233
1611428212.745065,337,338,352,458,234,235,220,234,228
1611428212.755207,346,341,352,453,233,233,226,234,233
1611428212.765394,344,341,349,461,235,234,225,234,233
1611428212.774968,344,342,352,456,234,235,226,233,233
1611428212.784781,346,340,352,459,234,234,226,234,234
1611428212.795533,346,342,352,461,234,230,223,233,233
1611428212.805057,346,341,354,458,233,234,226,231,234
1611428212.815203,342,341,352,458,234,235,226,230,232
1611428212.825501,349,342,352,461,232,233,226,233,232
1611428212.835337,346,344,347,458,234,235,225,234,234
1611428212.845046,346,341,353,459,229,229,226,234,234
1611428212.855301,346,343,352,454,233,233,225,235,232
1611428212.865083,347,344,352,459,234,234,225,234,234
1611428212.875018,347,342,347,458,234,234,225,234,233
1611428212.885332,340,341,346,454,234,234,225,234,232
1611428212.895128,343,336,349,453,233,235,226,234,230
1611428212.904718,346,336,349,447,234,235,225,233,233
1611428212.914956,346,341,352,456,234,235,225,233,232
1611428212.924903,341,341,352,456,234,234,225,233,233
1611428212.934799,344,336,352,457,232,233,225,234,232
1611428212.946268,346,336,352,453,233,234,226,234,233
1611428212.956542,346,341,352,453,230,235,227,232,234
1611428212.965335,346,340,346,455,229,234,226,233,233
1611428212.975119,344,340,352,453,234,235,226,230,234
1611428212.985445,338,340,346,449,232,233,224,234,233
1611428212.995286,347,341,352,458,229,233,226,233,233
1611428213.005248,346,342,352,448,234,235,226,234,229
1611428213.015029,343,338,352,458,234,234,223,232,231
1611428213.025082,344,341,352,458,234,235,225,232,234
1611428213.034788,338,341,352,458,234,232,221,234,234
1611428213.044989,346,340,352,446,234,234,226,232,234
1611428213.054938,346,341,349,458,229,232,225,234,232
1611428213.06514,345,338,349,456,230,230,226,234,233
1611428213.074995,341,337,350,454,232,233,225,234,233
1611428213.085821,344,340,352,456,233,234,226,233,233
1611428213.095184,346,341,346,456,234,235,225,232,230
1611428213.106103,345,338,349,456,229,232,225,234,233
1611428213.115065,345,333,341,449,235,234,226,232,233
1611428213.125097,341,336,344,449,234,235,225,234,233
1611428213.135074,333,333,348,454,234,234,225,232,233
1611428213.14488,341,338,346,445,233,235,226,234,233
1611428213.154934,336,328,338,443,234,235,219,234,229
1611428213.165012,337,336,344,445,234,231,225,233,234
1611428213.175115,333,332,337,437,234,234,226,234,234
1611428213.18498,336,333,344,444,234,234,221,233,234
1611428213.195052,336,330,336,432,234,234,226,230,232
1611428213.20513,337,326,338,440,234,235,221,233,233
1611428213.215021,330,330,337,442,234,235,222,234,233
1611428213.225493,330,328,341,443,233,232,225,233,234
1611428213.234996,336,328,338,438,235,235,225,233,233
1611428213.245227,336,325,336,442,229,232,225,234,233
1611428213.255103,336,331,340,443,234,234,226,234,231
1611428213.265566,337,330,342,442,235,235,226,234,232
1611428213.275152,336,330,340,442,230,234,226,233,233
1611428213.284893,328,326,341,442,234,235,225,230,232
1611428213.295047,336,330,341,445,233,232,226,233,233
1611428213.305145,336,326,336,445,233,235,222,235,233
1611428213.315092,338,333,341,445,234,235,225,234,230
1611428213.32551,341,330,341,443,235,235,221,234,233
1611428213.335509,333,330,340,442,233,234,226,233,233
1611428213.344883,336,326,338,440,234,234,226,233,233
1611428213.3552,333,326,337,440,234,234,225,230,230
1611428213.365039,333,323,336,438,234,235,225,234,230
1611428213.375195,328,333,340,445,229,234,225,234,234
1611428213.385048,328,325,341,447,234,234,226,234,233
1611428213.395415,329,331,342,438,232,234,226,232,233
1611428213.405227,333,331,340,443,234,235,221,233,233
1611428213.415026,336,331,341,440,234,235,225,230,233
1611428213.424837,333,325,340,442,233,234,226,232,231
1611428213.434976,331,330,338,443,234,234,226,234,232
1611428213.445223,336,330,340,443,234,230,223,234,233
1611428213.454942,329,330,341,437,230,234,226,234,232
1611428213.46509,336,329,340,445,234,230,225,232,233
1611428213.475253,336,330,342,444,229,230,226,234,233
1611428213.485146,336,333,343,442,235,235,225,231,232
1611428213.494878,336,333,344,445,234,235,219,234,233
1611428213.505201,337,333,342,442,234,234,220,234,232
1611428213.515162,332,331,341,443,233,234,226,230,233
1611428213.524918,333,325,340,445,234,234,226,230,231
1611428213.535359,337,330,341,442,234,234,225,231,229
1611428213.545502,336,330,338,442,233,235,226,234,234
1611428213.55541,330,330,338,442,234,235,225,234,233
1611428213.565055,336,325,338,438,232,233,226,234,232
1611428213.575164,333,330,338,442,234,235,225,234,233
1611428213.585242,330,329,341,443,235,235,225,230,231
1611428213.595182,336,330,341,443,233,235,225,232,233
1611428213.605043,336,329,340,443,229,233,225,235,232
1611428213.614782,336,327,341,438,233,234,226,234,234
1611428213.624769,336,322,333,439,235,235,225,233,234
1611428213.635141,336,328,336,443,233,235,226,234,234
1611428213.645361,336,328,340,437,234,234,222,234,231
1611428213.655396,336,325,338,440,234,234,221,232,233
1611428213.665284,336,330,341,444,229,230,225,234,232
1611428213.675035,331,329,335,429,230,234,226,233,234
1611428213.685227,322,320,330,426,230,234,224,234,233
1611428213.695048,324,313,326,427,234,234,226,235,228
1611428213.704822,322,318,328,428,234,228,222,234,232
1611428213.714942,323,318,328,427,231,232,225,233,234
1611428213.724913,322,318,327,429,235,234,220,233,232
1611428213.73511,324,312,329,427,235,233,221,234,232
1611428213.74494,327,318,328,430,234,234,226,230,229
1611428213.754656,322,317,329,428,229,233,226,233,234
1611428213.764935,322,318,328,427,233,234,226,230,233
1611428213.775131,325,318,328,422,233,234,226,234,233
1611428213.785326,322,317,326,426,233,235,221,234,234
1611428213.794967,320,317,325,426,234,234,226,232,230
1611428213.805332,320,317,328,431,234,231,225,234,232
1611428213.815185,318,315,328,426,228,233,225,233,234
1611428213.826168,322,317,328,428,230,232,225,234,232
1611428213.835397,322,317,325,432,233,234,226,234,233
1611428213.845033,325,317,331,429,233,233,223,232,232
1611428213.855069,325,320,330,429,234,234,226,230,230
1611428213.86537,323,321,331,429,234,233,223,234,233
1611428213.875166,322,320,330,426,234,235,225,230,232
1611428213.885086,325,320,330,429,234,234,226,232,233
1611428213.895228,323,320,330,421,234,234,225,235,233
1611428213.905592,323,319,329,432,234,233,225,234,232
1611428213.915207,318,314,326,432,234,234,226,234,227
1611428213.92527,327,320,330,432,233,231,225,234,233
1611428213.935175,319,317,330,430,234,236,226,230,232
1611428213.945293,325,317,325,429,234,235,224,234,234
1611428213.955256,325,319,331,429,234,235,221,232,233
1611428213.965091,327,319,326,426,233,235,226,234,231
1611428213.97557,325,321,331,432,230,230,225,233,232
1611428213.985083,326,322,328,432,232,234,225,234,233
1611428213.99578,325,317,330,430,234,234,226,234,233
1611428214.005167,330,325,334,426,233,234,226,233,232
1611428214.015473,330,325,328,424,233,234,226,234,233
1611428214.025228,320,313,328,424,234,235,226,234,229
1611428214.035069,320,318,322,424,233,234,226,234,234
1611428214.04517,325,312,330,425,234,234,225,230,234
1611428214.055522,322,320,328,426,233,233,226,234,233
1611428214.064871,323,317,329,426,234,235,222,233,232
1611428214.074907,322,316,328,424,235,234,225,232,232
1611428214.08545,315,318,331,425,230,232,224,234,234
1611428214.095328,322,319,326,429,234,230,225,233,233
1611428214.105051,322,318,328,426,234,233,226,234,233
1611428214.115421,324,317,329,424,234,235,225,233,231
1611428214.124819,322,317,328,424,234,233,226,234,234
1611428214.134784,320,318,328,426,234,234,221,234,232
1611428214.144944,322,318,323,424,233,233,226,231,234
1611428214.155215,322,317,322,426,233,234,225,233,233
1611428214.164855,325,317,326,421,233,234,220,234,234
1611428214.174835,324,316,328,421,233,234,226,234,233
1611428214.185589,317,317,326,421,233,234,226,230,233
1611428214.195393,315,317,328,427,229,233,226,233,233
1611428214.205161,322,316,326,426,234,234,219,234,230
1611428214.215033,321,315,325,426,233,234,225,229,231
1611428214.232414,320,314,326,421,231,233,222,232,229
1611428214.252365,314,314,321,418,228,229,221,231,229
1611428214.256904,313,316,319,416,225,229,222,232,229
1611428214.259648,309,314,325,424,225,230,221,229,225
1611428214.267099,314,314,321,416,224,228,221,230,227
1611428214.274856,308,309,317,416,221,225,220,229,224
1611428214.284909,303,309,314,408,217,221,216,225,222
1611428214.295549,299,310,312,405,214,221,214,225,220
1611428214.305172,296,306,309,404,212,219,212,222,218
1611428214.315161,293,306,306,400,208,216,212,221,215
1611428214.325092,285,301,304,389,203,213,209,218,213
1611428214.335195,277,301,298,384,199,209,206,217,209
1611428214.345577,269,299,293,384,193,206,203,214,206
1611428214.355125,259,296,288,374,189,202,203,213,199
1611428214.365063,202,290,281,365,181,198,199,210,196
1611428214.374928,124,288,278,360,154,192,197,204,189
1611428214.385267,105,282,274,362,124,188,194,200,168
1611428214.395602,105,277,270,363,86,177,189,196,119
1611428214.405405,118,273,262,364,71,154,186,190,76
1611428214.415156,138,270,258,370,68,136,182,186,67
1611428214.4254,153,266,258,368,66,118,181,171,63
1611428214.435092,164,261,257,370,65,105,177,147,60
1611428214.444957,171,256,256,372,65,97,177,132,60
1611428214.454975,173,238,246,370,64,94,176,123,60
1611428214.465164,173,211,238,368,64,94,175,123,59
1611428214.475163,168,181,219,368,64,97,176,128,59
1611428214.485197,160,157,196,368,63,102,176,134,58
1611428214.494953,157,144,174,362,63,106,178,141,58
1611428214.504905,149,136,160,362,63,109,179,146,58
1611428214.514841,145,136,148,365,62,112,178,151,58
1611428214.525032,141,144,139,364,63,117,181,156,58
1611428214.535118,136,154,132,362,63,122,181,161,58
1611428214.545128,134,168,132,364,63,124,181,164,58
1611428214.55494,129,186,135,365,63,125,180,165,58
1611428214.565019,129,214,146,365,64,129,181,170,57
1611428214.576414,128,235,177,365,64,130,182,171,57
1611428214.585096,129,248,217,369,63,129,183,172,55
1611428214.59586,136,264,256,373,62,124,183,173,51
1611428214.606537,147,277,273,384,64,114,181,175,47
1611428214.615266,162,284,282,384,63,101,181,178,48
1611428214.625843,186,288,290,385,63,79,181,180,53
1611428214.635722,213,289,292,385,61,66,181,186,85
1611428214.645324,232,290,293,386,61,57,179,195,146
1611428214.65695,245,293,298,389,60,46,176,200,176
1611428214.665721,251,290,297,385,61,44,173,204,186
1611428214.677251,256,292,297,386,69,46,171,205,193
1611428214.685839,265,298,301,390,83,56,171,208,197
1611428214.695205,267,293,305,394,96,82,173,207,200
1611428214.705007,276,301,304,394,109,108,175,210,201
1611428214.714874,274,302,306,394,122,129,178,209,202
1611428214.724797,276,300,306,400,134,146,179,212,203
1611428214.734999,281,304,304,390,145,156,181,212,205
1611428214.745197,275,294,305,390,151,162,181,211,205
1611428214.755301,277,300,306,387,156,165,183,212,206
1611428214.765432,277,300,306,390,158,168,182,212,205
1611428214.775046,282,302,311,396,160,169,183,211,205
1611428214.785234,277,304,310,397,157,169,183,211,204
1611428214.795277,280,301,308,394,155,169,183,212,206
1611428214.805042,276,302,303,387,151,166,182,212,202
1611428214.814937,272,296,301,389,141,163,181,211,204
1611428214.8248,272,298,301,387,133,160,181,210,203
1611428214.834766,269,296,301,386,122,151,181,210,199
1611428214.845588,267,293,301,389,109,136,180,210,201
1611428214.855317,264,294,301,389,95,130,183,207,200
1611428214.865161,264,293,300,389,82,141,186,208,197
1611428214.874748,258,293,297,392,70,167,190,208,195
1611428214.884755,256,293,296,392,72,186,194,208,196
1611428214.894894,248,294,298,393,104,194,196,210,196
1611428214.904981,256,297,296,391,164,198,199,213,200
1611428214.915075,261,296,298,389,190,202,202,214,202
1611428214.925305,268,300,298,385,196,206,203,215,208
1611428214.93472,279,301,304,389,198,208,204,218,211
1611428214.944968,288,306,308,397,203,211,207,219,213
1611428214.955622,292,306,309,404,206,213,211,221,215
1611428214.965115,296,309,312,405,209,218,212,222,218
1611428214.97507,299,309,314,410,215,221,215,226,222
1611428214.985136,305,314,319,411,219,224,214,225,225
1611428214.995307,308,314,320,416,222,226,217,228,226
1611428215.005252,312,315,325,421,223,229,221,229,228
1611428215.014858,317,314,323,419,229,232,222,232,232
1611428215.025461,321,317,326,421,230,231,219,233,232
1611428215.035235,321,318,328,424,232,234,225,234,233
1611428215.045194,322,319,323,429,234,233,226,234,232
1611428215.05504,321,317,327,426,234,234,222,234,233
1611428215.065297,324,318,330,424,234,235,225,234,232
1611428215.075173,322,317,325,426,235,234,226,233,232
1611428215.085048,323,317,325,421,234,235,226,231,230
1611428215.094963,320,317,326,424,234,234,226,234,234
1611428215.105212,322,317,327,424,234,234,225,232,232
1611428215.115109,322,317,328,424,233,235,226,234,233
1611428215.125039,320,318,328,424,234,235,221,234,234
1611428215.135091,320,317,326,425,234,233,225,232,232
1611428215.145265,325,317,328,426,234,234,226,234,232
1611428215.155313,322,320,330,426,230,231,219,234,233
1611428215.165102,321,318,322,424,234,234,226,234,234
1611428215.175533,317,317,325,424,233,234,226,234,232
1611428215.185007,320,321,327,424,229,234,226,234,234
1611428215.195044,317,317,326,425,233,234,225,230,229
1611428215.205528,322,317,328,425,234,235,226,234,227
1611428215.215222,321,318,325,424,230,234,225,234,232
1611428215.225317,321,317,325,421,234,234,226,234,232
1611428215.235361,322,314,325,421,235,234,226,234,234
1611428215.245504,322,317,328,424,233,234,225,234,233
1611428215.25501,322,312,328,424,235,234,225,234,234
1611428215.265113,318,317,325,421,233,235,225,233,234
1611428215.275203,322,317,325,424,233,235,225,234,230
1611428215.285338,322,317,328,421,232,234,225,234,230
1611428215.295074,317,314,324,417,229,235,226,234,234
1611428215.305063,317,317,322,418,229,234,224,234,234
1611428215.315292,325,315,322,418,234,230,221,231,233
1611428215.325322,325,318,328,425,235,234,226,233,232
1611428215.335285,323,318,325,424,234,234,226,234,234
1611428215.345067,320,317,328,425,234,235,225,234,234
1611428215.354805,322,317,323,429,234,234,226,231,229
1611428215.364965,317,319,326,424,234,234,226,234,232
1611428215.375109,324,319,329,424,234,234,226,234,233
1611428215.385391,323,318,328,426,231,234,226,234,233
1611428215.395111,322,317,328,426,234,234,226,234,234
1611428215.405377,322,317,326,425,233,233,225,233,234
1611428215.415293,323,320,328,424,234,234,225,234,233
1611428215.425195,322,315,328,426,234,234,219,229,234
1611428215.435178,322,318,326,424,232,234,225,234,234
1611428215.445117,322,314,330,427,234,235,221,229,233
1611428215.454741,322,318,325,424,232,233,224,233,233
1611428215.464938,319,314,329,426,234,233,224,233,232
1611428215.474755,323,318,330,426,233,235,225,234,233
1611428215.484972,322,318,328,424,234,234,221,230,234
1611428215.495183,317,317,325,426,234,235,226,233,229
1611428215.504929,315,314,328,426,235,234,226,232,232
1611428215.514664,320,315,329,426,234,235,226,234,234
1611428215.524882,324,320,326,424,231,234,225,234,232
1611428215.535149,322,318,330,429,233,235,226,233,228
1611428215.545037,323,320,330,427,233,234,226,233,233
1611428215.555217,325,319,328,426,233,235,226,233,231
1611428215.565725,315,315,330,429,233,235,225,234,233
1611428215.575263,324,319,330,426,234,234,227,234,232
1611428215.584819,325,319,330,428,234,233,221,234,234
1611428215.595224,325,314,325,426,233,234,226,234,230
1611428215.605236,324,320,328,426,234,234,225,233,230
1611428215.615119,322,318,325,426,232,235,225,234,233
1611428215.62512,323,317,330,426,234,233,226,232,230
1611428215.635142,322,316,329,426,234,233,226,234,232
1611428215.645248,322,318,329,421,229,234,225,233,232
1611428215.654921,323,320,329,426,234,235,226,234,232
1611428215.665499,324,318,328,424,233,235,226,234,229
1611428215.675152,325,317,328,426,230,232,226,233,234
1611428215.684881,322,318,325,424,234,235,226,234,234
1611428215.694883,321,317,325,426,233,234,226,232,232
1611428215.704835,322,317,323,421,229,234,226,233,233
1611428215.715165,318,318,328,424,233,234,226,234,233
1611428215.725564,322,315,328,426,234,234,221,231,234
1611428215.735084,322,317,325,426,234,235,226,234,233
1611428215.744783,320,317,328,424,234,230,221,234,233
1611428215.755201,322,318,328,426,233,234,223,232,232
1611428215.765438,322,315,326,426,234,234,222,229,233
1611428215.77512,322,315,325,424,234,230,221,232,230
1611428215.785242,314,317,320,419,229,235,225,233,232
1611428215.795147,321,318,325,426,234,235,226,234,233
1611428215.805178,325,318,325,426,234,234,221,230,234
1611428215.814951,322,318,326,426,235,234,226,233,232
1611428215.825007,314,317,328,426,234,235,226,234,234
1611428215.835307,322,317,330,426,233,229,221,232,233
1611428215.845112,325,317,325,421,232,231,227,233,233
1611428215.854962,323,317,328,426,234,234,225,233,232
1611428215.864998,321,317,329,426,234,234,226,233,233
1611428215.874791,322,317,328,424,234,234,226,235,234
1611428215.885108,322,317,325,421,234,234,220,234,233
1611428215.895043,322,317,328,424,234,234,225,232,232
1611428215.905035,324,318,328,424,233,233,225,233,232
1611428215.915043,323,317,322,421,229,234,225,233,233
1611428215.925098,322,320,326,426,234,235,226,234,234
1611428215.934746,320,317,327,421,234,233,224,234,233
1611428215.945031,322,317,328,427,233,235,225,234,233
1611428215.955189,323,317,328,424,233,235,226,233,233
1611428215.965093,322,315,330,426,232,233,223,233,233
1611428215.975057,316,318,328,426,234,234,225,230,230
1611428215.985125,324,318,329,427,235,230,223,234,233
1611428215.995144,324,316,325,426,234,233,226,234,232
1611428216.004929,322,318,326,424,235,235,225,233,231
1611428216.015062,320,320,329,427,234,234,226,234,232
1611428216.025434,322,317,326,426,234,234,226,233,233
1611428216.035503,324,317,328,426,233,234,226,234,233
1611428216.045316,324,317,328,421,234,229,221,234,232
1611428216.055038,325,319,328,427,234,232,221,230,228
1611428216.06476,321,317,326,426,235,235,226,234,229
1611428216.075227,320,317,326,426,233,235,226,234,233
1611428216.085074,315,319,326,426,231,234,225,234,233
1611428216.095278,320,317,325,425,234,235,226,230,233
1611428216.105159,321,318,328,424,234,235,225,232,232
1611428216.115245,324,314,326,424,234,234,226,234,231
1611428216.125304,322,317,328,427,235,235,226,234,231
1611428216.135051,321,318,328,424,233,234,225,234,232
1611428216.145037,317,318,325,426,229,229,221,233,232
1611428216.155261,318,315,328,426,234,235,226,235,234
1611428216.165179,322,317,325,426,234,234,225,234,233
1611428216.175065,322,318,326,426,233,234,225,232,229
1611428216.185136,322,316,321,418,228,233,224,232,232
1611428216.195498,324,317,328,422,234,234,225,234,232
1611428216.205112,322,318,326,429,235,234,222,229,233
1611428216.215092,322,314,326,424,234,235,226,229,233
1611428216.224891,322,317,328,424,235,230,221,232,232
1611428216.234913,322,317,326,426,234,234,226,233,231
1611428216.245053,322,317,328,426,232,235,227,233,229
1611428216.255333,322,318,325,424,232,234,226,233,234
1611428216.2651,315,317,325,424,231,234,225,233,233
1611428216.274998,322,318,328,426,234,234,226,234,232
1611428216.285351,321,317,328,424,233,234,226,234,230
1611428216.294919,320,315,326,424,234,234,226,234,234
1611428216.305292,315,317,322,424,234,235,226,234,232
1611428216.315094,320,317,326,426,229,235,225,233,234
1611428216.325216,317,318,325,424,233,233,225,234,233
1611428216.334719,321,317,325,424,232,235,226,234,234
1611428216.344656,320,318,325,426,234,234,225,233,229
1611428216.354999,321,318,328,424,234,232,226,234,231
1611428216.364937,314,317,326,427,235,236,222,233,233
1611428216.374812,321,317,326,421,232,233,225,233,233
1611428216.385007,322,317,327,426,234,234,226,234,233
1611428216.395264,321,314,326,426,234,233,221,232,233
1611428216.40554,322,318,329,425,234,234,226,234,233
1611428216.415378,319,317,325,424,234,234,226,234,234
1611428216.425069,322,315,328,426,235,235,226,234,234
1611428216.435046,323,317,326,422,233,234,226,234,232
1611428216.444981,323,317,330,426,234,233,226,233,232
1611428216.4551,325,318,328,421,234,234,226,234,232
1611428216.464753,324,318,328,421,233,233,225,234,233
1611428216.475418,321,311,326,426,228,229,221,232,233
1611428216.485604,322,318,326,426,234,234,226,232,233
1611428216.495024,322,311,320,416,228,233,225,234,232
1611428216.504779,320,314,321,418,232,231,226,234,233
1611428216.515238,322,317,325,426,234,230,222,233,233
1611428216.52511,322,317,322,424,234,234,225,233,231
1611428216.535058,323,317,328,426,234,235,225,234,234
1611428216.545108,322,318,327,429,234,234,225,234,233
1611428216.554965,321,317,328,420,233,234,226,232,230
1611428216.565283,320,315,326,424,233,235,225,233,232
1611428216.575213,322,317,329,429,232,234,226,233,232
1611428216.585043,322,318,330,426,234,235,226,234,233
1611428216.594878,320,318,330,429,234,231,225,233,234
1611428216.604869,320,317,326,426,233,235,226,234,233
1611428216.614833,325,317,326,426,234,234,225,229,229
1611428216.625137,323,317,325,426,234,233,221,234,234
1611428216.635225,322,320,330,421,232,233,222,232,229
1611428216.64533,322,318,325,429,233,234,219,229,233
1611428216.655183,323,317,328,424,235,235,226,232,232
1611428216.664868,321,314,321,418,234,233,225,233,231
1611428216.674956,321,314,322,421,234,231,223,233,233
1611428216.68506,318,317,326,426,233,235,225,233,233
1611428216.695336,323,315,326,428,234,234,223,234,234
1611428216.705025,317,317,325,426,233,235,225,234,233
1611428216.714934,323,315,324,424,234,232,222,234,232
1611428216.724879,320,317,323,420,234,232,225,234,232
1611428216.734669,319,315,321,418,234,234,225,233,232
1611428216.745059,322,318,325,424,235,234,226,231,230
1611428216.75524,320,315,325,424,235,235,226,234,234
1611428216.765399,321,317,325,426,234,230,221,234,233
1611428216.775018,322,312,328,426,234,234,221,230,232
1611428216.784968,322,317,325,424,232,234,225,233,232
1611428216.795234,322,313,320,426,234,235,226,234,232
1611428216.805109,322,318,326,420,231,232,226,234,228
1611428216.814897,323,317,326,422,233,234,225,234,234
1611428216.825036,320,316,326,426,229,234,225,233,230
1611428216.834893,322,318,326,426,233,234,226,234,230
1611428216.844791,320,318,326,418,229,235,225,234,233
1611428216.854811,321,316,325,424,233,234,226,234,232
1611428216.86501,323,315,325,424,231,235,225,234,234
1611428216.875185,321,315,326,421,231,232,225,232,234
1611428216.884926,317,316,328,424,234,234,225,232,232
1611428216.89498,320,317,325,421,234,234,225,234,233
1611428216.904905,319,312,321,424,234,234,221,230,233
1611428216.915332,320,317,326,424,233,233,226,233,233
1611428216.925326,322,318,330,424,234,234,225,232,233
1611428216.935374,320,315,326,426,234,234,224,233,229
1611428216.945119,322,320,327,424,234,232,222,233,232
1611428216.954686,320,314,326,422,229,234,226,233,233
1611428216.965193,321,317,327,426,234,234,226,234,230
1611428216.975231,321,315,325,418,234,234,225,232,233
1611428216.985353,320,315,325,421,234,233,226,233,232
1611428216.995211,320,315,325,416,228,235,226,232,232
1611428217.005302,318,315,325,421,234,234,226,234,230
1611428217.014973,317,314,320,421,234,234,225,234,234
1611428217.024895,317,314,324,418,234,233,226,232,229
1611428217.034784,322,315,325,418,234,234,225,233,233
1611428217.045,320,316,322,421,233,235,225,233,233
1611428217.055041,318,314,324,417,232,233,221,234,232
1611428217.065349,320,309,318,416,232,234,225,234,230
1611428217.075259,317,314,324,419,234,234,225,234,232
1611428217.085033,318,315,325,421,232,234,226,234,233
1611428217.095091,322,317,325,422,232,233,225,233,233
1611428217.105158,321,314,325,417,232,232,224,233,229
1611428217.115579,317,312,317,416,232,234,226,232,232
1611428217.125195,319,316,321,416,234,234,226,233,233
1611428217.135227,319,317,321,420,229,234,225,234,233
1611428217.144962,321,317,325,424,234,234,225,231,229
1611428217.155019,321,317,327,425,232,234,226,234,234
1611428217.164951,322,317,328,424,234,234,224,232,232
1611428217.175065,322,317,327,422,233,234,224,232,234
1611428217.185385,321,317,326,421,233,234,226,233,231
1611428217.195151,321,318,326,426,232,235,225,234,232
1611428217.205094,322,318,325,418,234,234,225,230,233
1611428217.214772,317,317,325,424,234,229,226,234,233
1611428217.225027,321,315,325,424,234,230,221,230,229
1611428217.235149,321,317,326,424,233,229,221,234,234
1611428217.245242,318,314,323,421,234,235,225,234,232
1611428217.255121,317,314,325,421,232,232,225,234,232
1611428217.265277,320,315,323,421,234,232,221,231,233
1611428217.275058,314,314,322,416,234,234,226,234,232
1611428217.285287,319,314,322,420,233,233,225,233,231
1611428217.295134,321,314,325,419,234,230,220,229,232
1611428217.305217,320,316,321,418,233,233,226,234,232
1611428217.315299,322,317,326,424,234,235,226,234,232
1611428217.325307,323,314,325,421,234,234,225,234,233
1611428217.3353,318,314,323,416,232,233,226,234,232
1611428217.345348,314,310,325,421,234,235,225,233,233
1611428217.35518,318,313,320,417,233,233,225,233,232
1611428217.365141,320,309,322,418,234,235,226,234,228
1611428217.374869,320,314,318,416,230,234,226,234,233
1611428217.385416,318,314,325,416,230,231,226,234,231
1611428217.395256,317,314,324,418,233,229,221,229,231
1611428217.405083,319,310,325,418,234,234,226,230,232
1611428217.41498,320,313,325,420,234,235,226,234,233
1611428217.425103,318,310,318,418,234,234,220,233,232
1611428217.435481,313,317,318,416,232,234,226,233,233
1611428217.445401,318,314,322,418,234,232,221,233,233
1611428217.454991,317,316,324,420,230,233,226,234,234
1611428217.465541,320,309,325,420,235,234,221,230,229
1611428217.475116,314,315,325,417,231,230,221,228,231
1611428217.484836,317,315,325,418,233,234,225,234,232
1611428217.494872,321,315,325,420,234,234,222,232,233
1611428217.505202,320,315,324,416,229,234,225,233,231
1611428217.515161,320,315,325,421,234,234,226,234,230
1611428217.525162,314,315,323,424,234,232,225,234,232
1611428217.535315,321,314,320,424,234,234,225,233,234
1611428217.544696,320,314,325,424,234,235,226,234,229
1611428217.555064,318,315,323,418,234,234,225,233,232
1611428217.564613,321,317,325,416,232,233,225,234,232
1611428217.574935,321,314,318,418,232,234,225,233,232
1611428217.585278,320,314,322,420,233,234,226,234,233
1611428217.595447,318,317,321,417,233,234,225,234,233
1611428217.605239,317,314,325,421,234,234,225,234,232
1611428217.615081,314,315,326,421,234,234,225,233,232
1611428217.62494,317,314,322,422,233,234,225,234,232
1611428217.635065,318,315,317,416,232,233,225,233,233
1611428217.64486,317,314,323,421,234,229,220,232,231
1611428217.654984,320,312,323,421,233,234,225,234,233
1611428217.665371,320,315,324,421,234,230,220,233,232
1611428217.675066,318,311,323,420,234,234,222,234,233
1611428217.685134,320,314,324,421,234,229,219,229,230
1611428217.695038,318,314,324,418,232,234,224,234,233
1611428217.70518,321,312,325,418,231,231,225,230,229
1611428217.715362,314,312,324,421,233,234,225,234,233
1611428217.725171,318,314,323,422,233,234,224,232,232
1611428217.73498,317,314,325,421,234,233,226,234,233
1611428217.745083,318,312,324,421,234,235,225,234,234
1611428217.755103,320,312,323,421,232,234,224,233,232
1611428217.765407,319,314,324,419,234,233,226,233,233
1611428217.775266,314,311,325,421,234,234,224,233,232
1611428217.785216,320,308,325,421,234,234,225,234,234
1611428217.79498,315,312,325,421,230,230,225,232,232
1611428217.804947,318,311,320,417,233,234,226,233,232
1611428217.814816,314,314,323,418,232,230,221,233,233
1611428217.825268,318,314,324,421,232,234,224,230,229
1611428217.835291,320,314,320,416,232,233,226,228,228
1611428217.845283,313,314,323,417,234,234,224,234,232
1611428217.855068,314,314,321,416,232,234,226,228,233
1611428217.865252,317,312,324,418,229,230,224,234,229
1611428217.875226,317,309,322,419,233,234,225,234,232
1611428217.8853,320,315,325,421,234,233,222,231,230
1611428217.895239,318,316,321,418,229,233,223,232,233
1611428217.905313,314,314,322,418,233,234,226,229,229
1611428217.91525,320,317,325,421,234,234,225,233,231
1611428217.925237,318,314,325,421,234,234,226,229,229
1611428217.935425,319,314,325,421,232,234,226,233,233
1611428217.945357,318,310,323,421,232,232,220,234,233
1611428217.955324,320,315,318,421,233,234,225,231,230
1611428217.965301,318,314,325,421,233,234,225,234,232
1611428217.974971,320,316,325,416,233,234,224,234,232
1611428217.984817,320,310,321,416,229,230,222,232,230
1611428217.994778,312,315,324,418,230,235,224,234,228
1611428218.005116,317,312,325,420,234,233,219,229,234
1611428218.014963,318,314,324,419,230,235,225,234,233
1611428218.025332,320,314,325,421,233,233,221,234,232
1611428218.035002,320,314,321,418,231,233,225,233,232
1611428218.044898,318,313,326,419,234,230,219,232,229
1611428218.05524,317,315,324,420,234,234,222,232,234
1611428218.06505,314,315,322,418,233,234,225,233,231
1611428218.074972,318,314,322,421,234,232,221,233,233
1611428218.085278,316,312,325,421,234,234,225,233,233
1611428218.095155,318,309,325,422,232,233,226,232,232
1611428218.105219,318,315,325,419,234,232,225,233,233
1611428218.115274,317,313,325,421,234,229,222,229,232
1611428218.125008,320,314,325,421,234,232,225,232,229
1611428218.135164,320,309,317,416,233,232,223,230,229
1611428218.144878,317,314,324,419,233,235,225,233,232
1611428218.155083,318,310,325,421,230,229,219,234,232
1611428218.165388,321,317,325,416,233,233,223,232,232
1611428218.175111,318,314,325,421,233,233,226,232,231
1611428218.185089,320,316,321,417,232,230,219,234,232
1611428218.195475,314,310,323,421,233,234,225,234,232
1611428218.205248,318,314,324,421,234,230,221,232,231
1611428218.215139,318,315,324,418,230,233,226,234,232
1611428218.225221,316,314,323,419,231,232,222,234,232
1611428218.234941,317,314,325,421,233,230,220,232,233
1611428218.245294,317,314,324,416,233,233,225,232,231
1611428218.254983,320,314,322,421,233,234,219,229,227
1611428218.264843,318,314,325,421,234,233,224,229,227
1611428218.275045,318,314,325,417,232,234,225,233,231
1611428218.285094,318,314,321,419,233,234,224,230,231
1611428218.29528,320,312,324,418,234,234,223,232,232
1611428218.305396,320,313,317,416,228,232,225,233,233
1611428218.315142,320,314,325,419,233,234,224,232,232
1611428218.325286,317,313,324,418,229,229,224,232,230
1611428218.335296,318,309,325,420,234,234,226,233,232
1611428218.345136,318,315,325,421,231,233,224,229,232
1611428218.355264,317,310,325,421,232,234,225,233,232
1611428218.364762,317,314,323,419,232,229,219,233,232
1611428218.374894,319,314,323,418,231,231,225,232,232
1611428218.385216,320,314,317,416,232,233,225,232,232
1611428218.39515,314,317,325,421,233,234,225,233,232
1611428218.405411,320,314,320,424,234,234,225,233,232
1611428218.415125,315,317,325,421,233,233,222,230,232
1611428218.425097,321,314,324,422,234,232,219,229,231
1611428218.435378,318,315,325,421,232,233,224,233,232
1611428218.44526,318,315,324,416,229,232,223,233,227
1611428218.455535,320,314,323,421,232,233,219,230,228
1611428218.465099,320,314,325,424,233,233,224,232,232
1611428218.475272,318,315,325,420,234,234,224,232,231
1611428218.485048,318,314,324,421,234,229,218,233,232
1611428218.49513,318,314,325,420,232,233,225,232,231
1611428218.505212,318,317,317,416,230,234,225,233,233
1611428218.515626,320,314,325,421,234,233,220,229,232
1611428218.5251,320,315,325,421,233,232,225,233,232
1611428218.534782,320,314,324,419,232,233,224,232,231
1611428218.545104,316,315,324,426,233,231,221,232,232
1611428218.555349,320,317,325,418,233,233,223,229,227
1611428218.565448,320,314,324,421,231,232,225,232,230
1611428218.575356,321,314,325,421,232,230,221,232,231
1611428218.585216,322,317,325,421,232,229,218,229,230
1611428218.595185,319,314,324,421,234,233,219,229,229
1611428218.605163,320,314,325,421,230,230,223,233,233
1611428218.615572,317,314,322,417,232,234,224,232,231
1611428218.62547,319,315,325,421,233,234,224,232,231
1611428218.635192,320,317,326,422,234,229,221,233,232
1611428218.644954,320,315,324,421,231,233,225,232,231
1611428218.654884,320,315,323,424,233,234,224,233,232
1611428218.66483,318,314,321,416,230,234,225,234,232
1611428218.675328,320,314,317,418,231,233,225,231,230
1611428218.684907,318,314,324,418,232,233,225,233,233
1611428218.694997,320,315,322,417,232,232,223,234,232
1611428218.705332,315,315,322,421,234,230,219,231,228
1611428218.715108,318,314,324,421,234,233,222,230,231
1611428218.724983,317,309,315,421,234,233,224,231,231
1611428218.735147,321,317,320,418,228,233,225,232,232
1611428218.745252,319,312,325,421,232,232,225,233,232
1611428218.755168,320,312,325,421,233,234,225,233,229
1611428218.765324,320,314,323,421,232,233,223,232,227
1611428218.774961,318,314,324,421,232,231,220,233,232
1611428218.784691,321,314,323,421,233,234,225,232,228
1611428218.795102,318,310,324,418,232,234,225,233,230
1611428218.805329,315,311,322,418,232,233,224,232,230
1611428218.815162,315,311,323,418,230,233,224,232,230
1611428218.824947,317,313,321,420,231,232,222,230,230
1611428218.835462,314,314,321,417,229,227,219,229,229
1611428218.844945,314,310,319,416,229,229,222,231,228
1611428218.855179,310,309,314,408,227,227,218,229,228
1611428218.865647,307,309,316,407,224,226,219,229,226
1611428218.875174,302,307,312,405,220,225,218,226,223
1611428218.88521,301,306,310,402,218,222,216,225,221
1611428218.895024,298,302,306,397,216,219,215,223,218
1611428218.905046,290,301,303,394,213,218,213,222,218
1611428218.91514,285,301,302,392,206,218,212,221,216
1611428218.925116,282,296,299,389,201,214,209,219,213
1611428218.935127,277,296,298,386,197,208,208,217,210
1611428218.94516,274,294,293,384,192,205,206,216,207
1611428218.955321,272,290,293,371,189,202,204,213,207
1611428218.965116,264,288,288,365,186,201,202,211,204
1611428218.97518,261,289,288,361,183,198,200,212,202
1611428218.984979,256,288,280,350,181,198,198,212,201
1611428218.995037,256,288,277,324,179,197,196,210,198
1611428219.004776,256,285,276,296,177,194,196,210,197
1611428219.014978,250,283,270,267,175,192,195,209,195
1611428219.025167,236,282,269,235,174,191,194,207,194
1611428219.034861,216,280,262,212,171,189,194,208,193
1611428219.045019,197,277,258,202,170,188,193,206,189
1611428219.05519,181,276,245,200,168,187,191,205,187
1611428219.065103,164,270,222,194,165,187,193,205,187
1611428219.075113,144,269,203,197,161,185,191,202,184
1611428219.085235,124,269,182,200,153,185,190,201,180
1611428219.095013,108,267,162,203,145,185,191,201,177
1611428219.104906,98,266,141,212,139,184,189,198,169
1611428219.115089,94,262,122,225,133,183,189,200,161
1611428219.124914,94,262,111,233,129,182,189,198,154
1611428219.13492,92,259,104,241,125,182,189,197,148
1611428219.144723,90,260,99,250,121,181,189,196,141
1611428219.155008,88,258,96,258,116,180,188,198,136
1611428219.165163,88,258,93,267,111,179,188,197,129
1611428219.175387,87,256,93,280,106,178,187,197,122
1611428219.185372,87,256,92,293,101,178,187,194,113
1611428219.195201,86,256,94,304,95,176,187,194,103
1611428219.20504,88,256,100,316,90,175,186,193,91
1611428219.215352,87,250,109,329,82,172,185,191,81
1611428219.225389,90,250,122,341,75,168,185,190,73
1611428219.235142,90,250,137,346,69,163,184,189,67
1611428219.244919,92,246,152,349,66,159,184,187,65
1611428219.254942,97,249,169,352,63,153,183,185,62
1611428219.264964,102,248,189,357,61,146,183,181,60
1611428219.275258,107,250,211,362,61,139,182,176,58
1611428219.285283,117,256,232,362,58,134,181,170,54
1611428219.295001,125,260,245,368,58,126,181,163,51
1611428219.305223,135,264,256,373,57,118,180,157,46
1611428219.314857,144,270,263,373,55,109,180,151,44
1611428219.325057,154,274,270,376,53,95,180,146,42
1611428219.335269,169,280,278,384,52,81,180,146,42
1611428219.344885,182,285,282,384,50,71,179,149,42
1611428219.35561,201,288,288,384,49,63,178,159,46
1611428219.365266,217,288,290,386,48,56,177,170,56
1611428219.375241,229,290,292,389,47,48,174,179,90
1611428219.385256,238,292,293,389,47,40,171,190,135
1611428219.395401,243,293,293,389,48,38,166,195,155
1611428219.404893,250,293,293,389,49,34,157,200,170
1611428219.414803,256,293,293,390,51,34,151,205,183
1611428219.424865,262,290,293,390,57,32,153,205,189
1611428219.435059,262,293,298,392,67,36,161,209,194
1611428219.445497,267,293,296,394,80,42,168,209,196
1611428219.454904,270,293,298,394,90,60,173,211,199
1611428219.464782,274,293,298,392,98,77,175,210,200
1611428219.474919,273,293,298,392,104,91,177,209,200
1611428219.48496,272,291,298,392,106,98,176,209,200
1611428219.49517,274,291,298,392,108,100,176,210,200
1611428219.505327,270,292,298,392,107,101,175,210,199
1611428219.515406,272,290,296,389,103,97,175,208,198
1611428219.525079,270,291,298,390,99,91,173,208,196
1611428219.535189,266,291,295,389,93,82,174,209,196
1611428219.545114,266,290,294,389,85,71,173,205,195
1611428219.555148,262,288,294,389,78,63,173,206,193
1611428219.565041,258,289,294,387,69,57,174,205,191
1611428219.574973,256,289,293,386,62,55,174,204,189
1611428219.585262,249,288,293,387,57,59,178,202,185
1611428219.595362,246,288,293,384,55,64,181,202,182
1611428219.604881,240,288,289,384,55,74,182,202,181
1611428219.615286,234,288,289,384,57,107,187,202,179
1611428219.625254,224,288,288,384,59,139,188,202,178
1611428219.635151,208,288,289,384,63,167,190,203,179
1611428219.645379,181,290,290,384,71,186,193,205,182
1611428219.655165,164,288,285,384,101,192,194,208,186
1611428219.665013,162,288,285,373,144,196,197,210,191
1611428219.675237,194,290,288,373,178,199,199,213,194
1611428219.684936,242,293,290,373,187,202,201,214,202
1611428219.694966,261,294,293,376,193,204,203,215,206
1611428219.704982,270,298,298,384,196,205,205,216,209
1611428219.715503,277,299,301,388,202,208,207,218,211
1611428219.725258,282,298,301,394,202,212,210,218,212
1611428219.735396,285,302,306,395,205,217,212,221,215
1611428219.744878,289,300,305,400,210,220,213,224,220
1611428219.754896,296,306,312,402,216,221,215,226,222
1611428219.7651,298,305,312,404,219,222,217,227,224
1611428219.775144,302,304,314,406,221,222,218,229,225
1611428219.785518,304,310,317,410,221,228,221,230,228
1611428219.79505,305,308,319,416,228,227,218,232,230
1611428219.805159,310,309,318,410,227,231,222,231,229
1611428219.815307,314,308,317,410,230,233,223,232,232
1611428219.824882,312,312,321,416,231,233,225,229,228
1611428219.835582,317,312,317,416,228,232,223,232,232
1611428219.845241,315,313,322,418,232,234,224,232,232
1611428219.855284,314,310,320,418,230,233,225,233,230
1611428219.865131,311,308,321,419,233,234,225,232,232
1611428219.875041,317,309,321,418,233,230,222,231,232
1611428219.884921,317,309,320,416,232,234,224,232,230
1611428219.895214,314,310,318,421,232,234,223,233,228
1611428219.905385,309,310,314,408,234,234,224,232,232
1611428219.91543,312,311,315,416,229,233,222,231,232
1611428219.925348,311,312,322,417,234,234,223,232,228
1611428219.935431,315,311,315,410,233,232,224,232,232
1611428219.945123,315,306,314,416,234,232,221,229,229
1611428219.955291,317,313,318,417,232,234,224,229,226
1611428219.965148,317,311,323,417,233,233,223,233,233
1611428219.974949,310,308,318,410,228,229,222,231,231
1611428219.985073,314,311,317,418,231,234,224,232,232
1611428219.995272,317,312,314,416,229,232,222,232,232
1611428220.005329,315,306,321,416,232,233,225,232,232
1611428220.014915,317,312,320,418,233,233,224,232,231
1611428220.024808,311,310,320,418,230,231,223,231,232
1611428220.034895,317,310,320,418,230,232,225,232,230
1611428220.045161,310,311,320,417,233,233,222,230,231
1611428220.055105,316,312,321,416,233,229,220,232,232
1611428220.065212,314,309,320,418,232,233,224,233,232
1611428220.075191,315,310,321,416,230,234,224,233,233
1611428220.085218,310,310,320,416,228,233,225,231,230
1611428220.095032,317,311,321,416,233,228,221,229,231
1611428220.105023,317,310,321,421,234,232,224,232,230
1611428220.115029,317,309,317,416,233,229,219,228,230
1611428220.12522,310,313,322,416,231,234,224,232,230
1611428220.135028,316,311,322,416,234,229,219,233,232
1611428220.14491,317,314,321,416,234,234,223,232,232
1611428220.154979,310,312,322,418,232,229,221,233,232
1611428220.164681,317,311,320,416,232,232,221,230,230
1611428220.175253,315,310,320,416,232,229,221,229,232
1611428220.185125,314,309,321,416,233,234,225,232,232
1611428220.19502,315,312,321,417,232,234,225,233,229
1611428220.204825,317,310,320,416,232,234,225,233,232
1611428220.21542,315,309,320,417,232,233,223,231,228
1611428220.225194,314,309,312,416,234,234,223,233,232
1611428220.235118,315,312,321,416,233,233,223,233,232
1611428220.244986,314,310,314,416,233,234,225,232,232
1611428220.254884,311,312,320,416,232,231,223,233,231
1611428220.265087,315,311,320,416,233,233,224,232,232
1611428220.275269,315,310,320,416,232,232,222,229,229
1611428220.28513,317,305,320,416,232,234,225,232,232
1611428220.295267,314,311,322,418,233,230,219,229,231
1611428220.304965,317,312,320,416,233,233,224,232,230
1611428220.315278,315,311,320,416,232,233,225,234,233
1611428220.324874,317,310,320,417,234,229,225,232,233
1611428220.334972,317,312,320,418,232,233,225,231,230
1611428220.345141,315,309,321,416,233,234,225,233,230
1611428220.355157,309,309,315,411,230,231,224,232,230
1611428220.365116,317,305,322,417,234,229,218,232,230
1611428220.37484,317,312,321,417,233,234,221,229,231
1611428220.385009,317,308,318,418,229,234,223,232,230
1611428220.394894,317,310,321,416,233,233,225,233,232
1611428220.405062,317,309,321,418,232,230,219,232,232
1611428220.414923,317,309,317,418,233,229,225,232,232
1611428220.424901,317,309,322,416,229,233,224,233,232
1611428220.434952,317,308,318,416,233,232,223,232,229
1611428220.44504,317,312,321,416,232,233,225,232,231
1611428220.454912,315,309,322,416,233,233,225,233,228
1611428220.464685,317,310,321,416,232,234,224,234,232
1611428220.475168,313,310,322,418,232,233,226,232,230
1611428220.485015,309,311,317,416,232,234,225,232,232
1611428220.495135,314,306,320,418,232,230,219,234,232
1611428220.505638,315,310,321,416,233,233,222,232,229
1611428220.515002,315,305,317,418,233,234,225,233,231
1611428220.525232,315,311,320,418,233,234,223,232,232
1611428220.534946,315,306,317,416,233,234,223,233,226
1611428220.545204,317,313,321,418,232,233,223,232,232
1611428220.554943,316,311,320,417,232,234,221,231,230
1611428220.564893,314,310,322,417,233,232,224,232,232
1611428220.574713,317,309,320,417,232,232,225,232,232
1611428220.58512,315,310,318,416,231,234,224,232,229
1611428220.59533,314,310,322,416,231,234,223,233,230
1611428220.605292,317,308,317,410,232,232,222,232,232
1611428220.615416,317,310,321,417,233,234,224,232,229
1611428220.625558,310,310,318,416,229,232,221,229,228
1611428220.63537,316,310,322,418,233,234,223,233,232
1611428220.645585,310,311,320,417,233,232,225,233,228
1611428220.654996,317,310,315,410,232,233,223,232,232
1611428220.665072,317,310,321,418,228,233,225,233,232
1611428220.675493,314,311,320,418,232,234,219,229,230
1611428220.684928,317,312,323,416,232,233,225,230,229
1611428220.695118,312,314,322,421,230,233,225,229,230
1611428220.704854,314,314,322,418,232,232,225,234,232
1611428220.715164,315,312,322,416,229,229,221,231,230
1611428220.725161,314,309,320,418,232,233,225,232,232
1611428220.734905,319,314,322,416,232,232,225,234,229
1611428220.745177,317,309,322,416,232,232,221,231,232
1611428220.755147,317,309,320,416,231,233,224,232,229
1611428220.765047,317,312,321,418,233,234,223,232,231
1611428220.775041,317,312,322,420,233,228,220,228,230
1611428220.78527,312,312,323,418,232,233,225,233,227
1611428220.795144,316,309,314,416,230,232,224,232,231
1611428220.804961,319,306,317,416,233,234,224,233,228
1611428220.815126,314,306,321,418,231,234,225,233,230
1611428220.825336,317,312,320,418,228,234,225,232,230
1611428220.8352,318,313,322,418,232,232,223,231,229
1611428220.84529,317,312,322,418,229,233,223,232,232
1611428220.855327,315,311,320,418,233,233,223,232,232
1611428220.864975,312,314,322,416,234,234,223,232,230
1611428220.875243,317,312,321,419,232,234,224,232,230
1611428220.885407,317,312,322,418,233,233,223,232,230
1611428220.895426,317,309,320,418,233,230,220,233,232
1611428220.905388,317,313,320,418,232,232,224,232,231
1611428220.915303,317,311,321,417,233,229,219,228,230
1611428220.92545,312,312,321,420,232,232,225,227,227
1611428220.935452,317,310,320,419,233,233,223,233,232
1611428220.945354,311,312,322,420,232,233,225,232,232
1611428220.955019,309,308,322,418,232,233,223,232,231
1611428220.965052,317,306,313,417,233,232,224,232,232
1611428220.975164,318,308,318,416,232,233,225,231,232
1611428220.985396,316,306,314,410,230,232,223,232,231
1611428220.995313,317,312,320,416,231,234,224,233,229
1611428221.007256,317,309,314,416,231,232,223,232,230
1611428221.016915,317,311,322,416,227,227,223,233,231
1611428221.025448,315,313,321,416,230,233,223,232,231
1611428221.035073,316,312,321,416,232,229,218,228,226
1611428221.045056,317,312,322,418,230,234,224,233,231
1611428221.055347,317,310,321,416,233,230,219,228,226
1611428221.065354,317,313,321,416,232,233,224,233,232
1611428221.076408,317,311,319,410,232,234,223,232,230
1611428221.084908,317,306,318,416,233,229,221,232,233
1611428221.095173,317,312,316,418,232,234,225,232,230
1611428221.105169,314,310,314,409,231,233,223,230,230
1611428221.115213,315,310,321,417,234,234,224,231,232
1611428221.12512,314,311,318,416,231,232,224,232,231
1611428221.134841,317,312,318,418,232,234,223,232,229
1611428221.145263,317,312,321,417,232,233,223,230,230
1611428221.154849,318,312,323,418,233,229,218,228,231
1611428221.165043,316,312,320,418,232,234,223,232,230
1611428221.175203,314,312,322,418,232,233,223,231,228
1611428221.185297,315,310,322,417,232,230,221,233,231
1611428221.195093,316,312,322,416,232,229,223,232,230
1611428221.205033,317,314,322,416,232,234,223,233,228
1611428221.214766,317,309,324,418,232,233,225,232,232
1611428221.224841,314,310,323,418,233,233,221,230,232
1611428221.235136,318,313,319,416,232,232,224,232,231
1611428221.24494,316,312,320,416,231,232,224,232,230
1611428221.254912,312,311,320,416,232,233,222,232,230
1611428221.264851,313,306,316,410,227,234,223,232,231
1611428221.275436,317,308,317,416,232,233,225,231,226
1611428221.285149,317,310,320,416,232,232,218,232,230
1611428221.295514,315,310,321,416,231,234,224,232,232
1611428221.305259,315,306,322,417,233,233,223,232,232
1611428221.315065,315,310,318,417,232,233,223,229,229
1611428221.324936,314,310,320,416,232,234,222,233,231
1611428221.33484,317,312,322,416,228,234,225,233,232
1611428221.34547,309,309,320,417,233,234,222,232,230
1611428221.355304,317,312,322,420,233,229,219,233,232
1611428221.364866,314,313,322,421,232,234,219,232,232
1611428221.374922,317,310,323,421,233,233,224,233,232
1611428221.385036,318,312,322,421,233,234,223,229,226
1611428221.395087,318,312,320,421,228,232,225,232,231
1611428221.405274,317,313,322,419,232,234,223,233,231
1611428221.41506,318,314,323,421,228,234,224,231,230
1611428221.424939,317,312,323,421,230,234,223,233,232
1611428221.435494,317,314,322,422,234,233,224,228,228
1611428221.44551,317,311,321,421,232,233,225,232,230
1611428221.455094,318,313,322,421,233,234,224,228,227
1611428221.465151,310,312,320,421,232,233,223,230,231
1611428221.474855,318,311,322,421,230,233,224,232,232
1611428221.48492,313,308,322,421,233,232,225,232,231
1611428221.494905,312,313,320,421,234,234,223,230,232
1611428221.504942,316,312,322,421,233,232,223,231,230
1611428221.515053,317,314,323,421,233,232,223,230,230
1611428221.525457,317,311,320,418,228,228,223,232,232
1611428221.535105,318,313,321,421,233,232,221,229,227
1611428221.544862,318,314,323,421,233,234,223,232,232
1611428221.555225,318,310,320,418,233,232,225,232,232
1611428221.565699,317,309,314,416,231,232,222,231,230
1611428221.57551,317,311,321,417,230,230,221,231,230
1611428221.585042,315,312,322,418,230,232,224,232,229
1611428221.595604,316,312,320,416,231,232,223,232,231
1611428221.604967,317,311,320,417,230,228,218,231,229
1611428221.615009,317,306,320,416,230,233,222,232,230
1611428221.624891,311,312,322,418,232,232,224,229,229
1611428221.635269,317,312,320,420,231,232,222,227,226
1611428221.645321,318,309,323,424,233,234,225,232,231
1611428221.654974,318,314,322,421,234,234,224,229,227
1611428221.665225,317,313,323,418,231,233,224,230,231
1611428221.675155,317,310,322,420,233,233,224,232,231
1611428221.68512,314,314,322,420,231,232,223,230,230
1611428221.695148,318,312,322,416,230,232,224,227,227
1611428221.705367,317,306,320,418,233,233,223,232,230
1611428221.715451,316,309,314,416,233,230,221,230,230
1611428221.725602,317,311,321,418,233,229,217,232,231
1611428221.734779,314,314,322,419,232,232,224,230,231
1611428221.744916,317,313,323,420,230,230,222,231,231
1611428221.755164,317,314,320,418,230,232,224,232,229
1611428221.765404,317,314,321,416,229,232,222,230,225
1611428221.775959,318,313,322,418,232,232,222,231,225
1611428221.785151,315,310,321,418,232,232,223,232,230
1611428221.7952,315,311,322,420,233,233,222,230,228
1611428221.804978,309,310,322,418,232,232,222,228,226
1611428221.814887,317,310,321,418,232,233,223,232,230
1611428221.824752,314,312,322,418,230,233,223,232,230
1611428221.834926,314,306,315,417,230,230,221,230,230
1611428221.844837,317,312,323,416,228,229,221,229,230
1611428221.854737,317,310,319,417,232,226,218,230,230
1611428221.86488,311,313,323,418,232,233,222,230,230
1611428221.875239,314,310,320,418,232,232,222,230,229
1611428221.885135,314,312,320,418,230,231,221,229,228
1611428221.894988,314,309,320,417,229,233,222,231,228
1611428221.905481,317,310,322,418,232,232,222,226,226
1611428221.915484,314,309,322,417,227,230,220,229,229
1611428221.925147,317,314,321,419,232,230,219,228,227
1611428221.935115,318,312,318,417,229,232,224,230,231
1611428221.944823,314,311,317,411,227,232,222,231,228
1611428221.955184,310,310,317,418,232,233,223,230,231
1611428221.965417,314,310,322,421,230,232,222,230,227
1611428221.975,318,312,317,419,233,232,222,227,226
1611428221.985184,314,306,320,416,231,232,222,229,230
1611428221.995503,307,308,317,416,232,232,222,232,230
1611428222.005075,314,309,317,418,232,233,222,232,230
1611428222.01494,316,311,321,416,233,232,222,231,230
1611428222.025491,317,305,314,416,232,234,223,231,230
1611428222.035441,311,309,321,417,229,232,223,230,231
1611428222.045106,311,309,321,416,233,232,222,230,230
1611428222.054973,318,309,318,418,232,232,224,230,230
1611428222.065071,309,311,321,420,233,231,224,226,226
1611428222.075052,309,314,322,417,233,232,224,230,230
1611428222.085255,313,312,321,421,232,232,224,230,230
1611428222.095123,315,313,323,421,230,230,221,230,231
1611428222.104927,317,311,322,418,232,229,217,232,230
1611428222.115011,318,314,322,421,226,229,223,232,229
1611428222.125271,317,305,317,416,230,228,218,232,230
1611428222.134944,317,314,321,418,232,228,221,231,230
1611428222.14489,317,311,320,416,231,233,222,229,228
1611428222.154776,314,310,321,416,230,232,223,231,230
1611428222.165011,314,310,320,417,232,232,223,228,227
1611428222.175191,317,312,322,418,232,233,222,229,228
1611428222.184986,317,310,317,416,233,231,223,231,232
1611428222.194932,317,313,322,416,232,231,223,228,230
1611428222.20501,317,312,322,418,233,228,218,232,232
1611428222.215202,317,311,321,417,232,228,218,231,230
1611428222.225082,317,309,320,416,226,230,221,231,232
1611428222.235233,317,309,314,416,232,232,224,227,227
1611428222.245018,317,311,317,416,233,233,222,228,226
1611428222.254757,309,312,321,418,232,232,223,230,231
1611428222.265065,310,309,320,416,230,228,218,230,230
1611428222.275268,317,311,322,421,232,233,223,230,230
1611428222.285466,317,312,322,418,230,232,223,230,227
1611428222.294904,318,311,321,418,227,233,222,232,230
1611428222.305018,317,310,321,418,232,231,223,230,230
1611428222.314996,315,310,321,420,233,234,223,230,230
1611428222.324927,315,312,321,418,230,232,222,229,230
1611428222.335072,317,310,322,420,232,232,221,230,230
1611428222.345212,316,304,315,417,232,232,223,230,230
1611428222.35526,315,310,322,418,230,233,222,233,232
1611428222.364981,317,312,320,418,233,232,224,232,231
1611428222.374967,317,314,322,421,232,230,222,231,230
1611428222.385256,314,312,324,418,232,232,223,231,229
1611428222.394987,314,314,322,417,232,231,223,231,231
1611428222.404814,317,314,321,421,232,232,224,230,232
1611428222.415052,317,313,317,416,229,230,221,230,229
1611428222.425148,314,317,325,424,232,231,221,229,227
1611428222.434907,318,314,326,424,232,232,223,232,229
1611428222.445227,320,308,325,421,231,231,223,231,231
1611428222.45518,320,314,325,425,233,232,223,232,231
1611428222.464997,314,317,324,418,233,233,221,229,229
1611428222.47479,317,314,328,418,232,228,218,230,230
1611428222.485196,314,309,325,424,228,227,222,229,230
1611428222.495344,317,312,322,419,232,233,222,230,230
1611428222.504973,318,311,323,418,232,229,223,232,232
1611428222.514772,317,317,325,426,232,229,218,228,229
1611428222.524972,318,312,322,424,233,233,222,231,229
1611428222.535302,322,317,326,424,226,232,223,231,229
1611428222.545172,321,314,325,424,232,227,218,232,230
1611428222.555233,314,317,328,424,231,232,223,230,227
1611428222.565465,320,312,325,421,230,231,221,228,226
1611428222.575136,314,314,320,416,232,232,222,230,230
1611428222.585088,317,309,322,421,232,233,222,227,226
1611428222.594977,314,312,320,419,231,232,223,232,230
1611428222.60487,317,314,321,416,230,230,223,228,230
1611428222.615369,318,314,322,421,232,226,219,229,230
1611428222.624997,314,312,322,420,230,228,217,229,226
1611428222.635303,314,311,321,416,231,231,223,232,230
1611428222.645257,318,312,325,421,230,231,223,231,230
1611428222.654857,317,313,321,418,232,232,222,231,230
1611428222.665021,317,309,322,418,232,228,217,232,229
1611428222.675052,315,314,322,422,231,232,223,232,230
1611428222.685062,321,314,323,421,232,232,222,232,230
1611428222.695255,317,313,321,416,231,230,221,231,229
1611428222.705146,318,313,322,418,232,233,223,232,230
1611428222.715454,318,311,322,421,230,231,221,230,230
1611428222.725558,317,313,323,418,230,232,223,231,230
1611428222.735317,317,312,321,417,232,233,222,230,230
1611428222.744966,317,312,322,418,231,230,221,229,229
1611428222.755048,317,311,322,418,230,230,223,230,230
1611428222.765062,317,312,322,421,231,231,222,232,231
1611428222.774894,319,315,322,421,230,232,222,232,231
1611428222.785178,310,314,322,418,232,230,218,229,230
1611428222.795289,314,312,321,418,229,232,222,228,226
1611428222.804849,318,310,323,421,230,231,221,230,229
1611428222.814757,317,313,324,421,229,232,223,232,229
1611428222.824881,319,317,326,421,232,231,222,231,231
1611428222.835115,317,312,321,420,232,232,221,230,231
1611428222.845269,312,312,322,420,232,233,223,231,230
1611428222.85515,317,312,321,416,232,233,222,231,229
1611428222.865291,317,313,319,418,229,231,223,230,230
1611428222.87526,317,314,322,416,229,229,221,229,229
1611428222.885128,318,308,323,418,232,232,222,230,231
1611428222.895152,317,312,322,417,229,232,222,230,229
1611428222.905193,317,311,323,417,231,233,222,230,229
1611428222.915049,317,311,321,418,232,232,223,230,228
1611428222.924818,313,310,321,417,230,230,222,226,225
1611428222.934906,317,310,322,417,231,232,222,229,230
1611428222.945109,309,312,321,418,232,232,222,231,229
1611428222.955369,312,312,321,421,227,230,222,230,230
1611428222.964738,318,314,322,421,232,232,221,230,230
1611428222.974897,317,312,321,416,231,232,223,232,228
1611428222.985156,317,311,315,420,229,232,222,230,229
1611428222.994914,314,310,317,416,229,230,222,231,229
1611428223.004914,317,312,321,417,230,228,218,232,229
1611428223.015017,317,312,314,416,230,232,221,230,229
1611428223.024925,315,310,321,421,231,232,222,228,228
1611428223.035172,316,309,318,416,231,230,221,230,231
1611428223.045147,314,309,320,418,230,232,222,231,230
1611428223.05535,317,310,322,417,231,232,221,232,229
1611428223.065475,317,312,322,416,229,229,220,229,229
1611428223.075031,314,312,322,418,230,231,222,230,229
1611428223.084979,317,311,321,418,230,230,223,231,230
1611428223.095515,315,309,321,418,230,228,218,229,229
1611428223.104953,317,310,322,421,229,229,220,231,230
1611428223.115183,317,310,321,418,227,230,222,230,228
1611428223.125213,314,312,321,416,230,231,221,230,225
1611428223.13514,315,309,320,416,230,230,223,229,230
1611428223.145144,316,311,321,416,229,232,222,231,229
1611428223.15486,315,309,318,416,230,232,222,232,228
1611428223.165187,309,308,317,417,230,232,222,229,231
1611428223.174896,317,310,318,416,232,232,223,230,229
1611428223.185325,315,307,318,416,232,229,217,232,230
1611428223.195171,317,312,320,416,230,228,217,231,229
1611428223.204901,314,312,320,416,230,231,221,231,229
1611428223.21523,314,310,320,416,231,230,222,226,229
1611428223.225219,310,306,314,417,231,231,222,230,229
1611428223.234988,317,311,320,416,230,231,223,228,230
1611428223.245383,315,306,318,410,226,233,222,232,230
1611428223.255216,314,309,319,416,232,232,222,230,231
1611428223.265479,314,309,322,416,232,230,222,229,230
1611428223.275532,310,310,314,410,232,233,222,230,230
1611428223.285479,317,309,318,416,230,232,221,230,230
1611428223.294851,315,305,317,416,231,226,218,231,230
1611428223.304949,315,310,318,416,231,231,223,229,229
1611428223.314846,317,312,320,416,231,226,217,230,229
1611428223.325391,309,309,320,416,231,231,220,231,226
1611428223.335532,315,309,320,420,228,232,222,230,230
1611428223.345152,317,309,321,416,229,232,222,230,229
1611428223.355445,312,311,314,416,230,230,222,230,230
1611428223.364949,315,306,321,418,226,232,220,231,229
1611428223.375072,314,309,320,417,230,230,223,228,228
1611428223.385135,317,312,317,416,229,230,222,229,229
1611428223.394815,314,309,322,419,231,232,221,229,229
1611428223.405139,314,306,317,416,230,232,222,229,229
1611428223.414928,312,309,321,419,229,232,222,230,229
1611428223.425141,317,312,320,416,232,232,221,226,225
1611428223.435211,311,310,320,418,231,232,222,229,229
1611428223.445389,310,310,321,418,229,231,222,230,229
1611428223.455121,317,306,321,418,229,233,221,227,228
1611428223.465204,317,309,321,416,230,231,221,229,229
1611428223.474632,315,311,320,421,232,232,221,230,230
1611428223.485079,315,305,320,418,232,232,221,230,229
1611428223.495267,316,311,320,417,231,231,223,230,229
1611428223.505437,314,310,320,416,230,230,223,230,230
1611428223.515566,317,312,322,416,226,231,221,231,227
1611428223.525224,317,310,321,418,230,230,223,231,228
1611428223.535262,315,309,320,416,231,232,221,230,229
1611428223.545097,312,306,322,417,230,230,221,229,229
1611428223.555231,317,311,320,411,228,230,222,230,229
1611428223.565244,317,309,320,416,229,230,222,230,229
1611428223.574919,314,309,321,418,230,230,223,231,230
1611428223.5848,317,309,315,416,229,232,221,229,228
1611428223.594816,309,310,321,416,232,232,223,228,230
1611428223.604842,317,309,317,416,231,232,221,229,230
1611428223.61508,317,310,320,416,231,231,217,226,226
1611428223.625327,314,309,321,416,230,229,223,231,229
1611428223.634921,315,311,321,416,227,226,221,229,229
1611428223.645,312,309,320,418,230,232,222,231,230
1611428223.65488,316,310,320,416,229,229,222,229,229
1611428223.664971,314,309,318,416,228,229,221,230,229
1611428223.675201,309,309,315,410,226,231,222,229,227
1611428223.685059,310,312,320,416,230,232,223,231,230
1611428223.695453,315,310,320,416,230,230,223,230,230
1611428223.705276,311,309,321,418,232,230,222,230,229
1611428223.715362,315,309,318,416,231,232,221,231,230
1611428223.725308,312,310,322,416,230,231,222,231,229
1611428223.735346,317,309,319,416,231,232,221,229,230
1611428223.744809,317,311,320,418,230,232,223,230,229
1611428223.755193,317,309,321,416,228,230,221,229,228
1611428223.765348,315,312,322,418,232,232,221,230,229
1611428223.775038,309,312,320,418,230,233,222,230,227
1611428223.784978,317,306,318,416,228,232,222,230,226
1611428223.795209,316,309,322,419,229,231,222,231,230
1611428223.805038,314,306,317,416,230,232,221,231,229
1611428223.815249,317,311,321,416,230,232,222,230,229
1611428223.825056,315,309,318,417,231,231,222,230,226
1611428223.834762,317,310,320,416,230,231,218,227,229
1611428223.844885,317,312,322,419,230,228,218,229,229
1611428223.855064,316,309,320,416,229,232,221,230,229
1611428223.865456,314,310,320,416,232,232,221,230,229
1611428223.875374,317,312,315,416,232,229,218,230,229
1611428223.88515,315,310,322,418,232,230,218,229,225
1611428223.895145,317,310,320,419,230,232,221,230,226
1611428223.905186,317,313,321,418,229,232,222,229,224
1611428223.915283,317,311,322,417,225,230,222,230,229
1611428223.925123,317,309,321,418,232,229,222,229,226
1611428223.935036,313,309,320,416,230,231,221,230,226
1611428223.945221,317,309,317,416,226,228,218,229,229
1611428223.955295,315,311,317,416,228,231,222,229,229
1611428223.965163,317,312,320,419,230,231,222,228,229
1611428223.975245,317,310,320,417,229,230,221,229,229
1611428223.985313,314,308,320,418,231,231,222,231,226
1611428223.995137,314,310,318,420,230,226,222,229,229
1611428224.005019,318,313,322,418,229,232,223,230,230
1611428224.014897,318,314,324,421,229,231,222,230,229
1611428224.024944,320,314,318,416,225,229,222,230,229
1611428224.035288,317,312,322,420,230,230,222,229,229
1611428224.044966,317,312,322,420,231,228,219,229,229
1611428224.055208,317,310,321,418,227,228,222,229,226
1611428224.065014,309,310,320,416,229,232,222,230,230
1611428224.074912,317,314,322,421,232,232,222,230,229
1611428224.085082,315,311,321,421,229,232,222,230,225
1611428224.095221,309,310,315,416,231,231,223,229,229
1611428224.105205,311,308,316,416,226,231,222,229,229
1611428224.115358,317,310,322,421,231,229,221,229,229
1611428224.125393,317,309,316,416,227,230,219,230,230
1611428224.135,317,312,320,418,229,231,223,231,230
1611428224.14538,319,309,322,418,230,228,221,230,229
1611428224.155274,317,314,323,418,230,231,223,229,230
1611428224.165357,318,313,321,420,232,230,221,229,228
1611428224.175145,318,314,322,417,229,229,218,227,230
1611428224.185653,312,313,322,416,230,232,222,230,230
1611428224.195257,315,310,324,418,231,231,223,230,230
1611428224.205045,312,312,320,416,226,232,221,228,226
1611428224.215259,319,314,322,420,230,233,222,231,229
1611428224.225164,317,314,322,416,229,231,221,230,226
1611428224.234944,318,313,323,421,232,228,218,231,229
1611428224.245005,318,312,322,421,232,230,221,232,229
1611428224.254887,319,314,318,416,231,230,221,230,229
1611428224.264736,317,312,322,418,232,233,223,230,226
1611428224.274804,312,310,314,416,227,230,221,230,230
1611428224.285103,317,312,322,421,230,232,223,232,228
1611428224.295047,312,310,320,417,230,232,221,230,230
1611428224.3048,317,311,316,416,231,230,221,227,229
1611428224.315027,317,311,320,421,232,230,222,232,229
1611428224.325223,317,310,317,420,230,231,221,230,229
1611428224.335192,314,310,320,419,231,232,222,230,229
1611428224.345066,312,306,314,416,231,230,222,229,229
1611428224.355151,315,313,322,416,231,230,221,229,229
1611428224.364943,317,310,321,417,230,226,219,229,230
1611428224.375216,312,312,322,409,229,230,222,231,230
1611428224.384944,310,309,318,410,228,230,222,230,230
1611428224.394817,317,313,321,416,231,230,222,231,229
1611428224.404983,317,309,320,416,230,230,217,230,228
1611428224.415091,312,312,322,416,229,231,217,230,230
1611428224.424706,317,310,320,416,230,230,221,230,227
1611428224.435107,314,310,320,410,226,230,223,230,230
1611428224.445312,316,309,320,417,230,230,222,229,229
1611428224.455011,312,309,320,416,231,232,222,229,229
1611428224.465158,314,308,323,416,230,232,221,230,229
1611428224.475158,317,312,320,416,229,231,222,229,229
1611428224.485089,313,310,317,416,230,230,222,229,226
1611428224.495144,317,312,322,416,231,230,221,229,225
1611428224.505343,312,310,317,411,225,230,222,229,230
1611428224.514819,315,313,322,410,229,229,222,231,229
1611428224.525185,317,309,320,416,232,232,221,229,228
1611428224.53559,313,311,318,411,229,229,222,230,230
1611428224.545394,314,310,320,416,229,232,221,228,230
1611428224.555006,316,313,321,418,230,230,221,230,230
1611428224.565001,317,311,322,417,229,230,222,229,229
1611428224.575677,317,312,322,410,226,226,221,229,230
1611428224.585314,314,309,317,418,230,232,221,229,229
1611428224.594847,314,312,322,416,230,232,222,230,229
1611428224.604716,312,312,321,417,230,227,217,228,225
1611428224.615255,309,311,322,416,225,226,221,230,227
1611428224.625318,310,308,314,417,230,232,217,225,229
1611428224.635258,314,309,321,417,229,229,221,230,229
1611428224.645323,314,310,322,416,226,230,221,229,229
1611428224.655463,308,312,321,416,228,229,219,228,229
1611428224.665524,312,312,318,416,228,228,221,229,229
1611428224.675205,312,312,318,410,226,228,219,227,225
1611428224.685071,306,309,315,405,222,225,217,226,221
1611428224.694713,298,306,309,404,218,219,216,223,220
1611428224.705103,296,304,307,397,214,218,212,222,217
1611428224.714883,289,299,305,394,211,216,210,220,215
1611428224.72473,288,298,302,389,206,213,206,218,213
1611428224.735304,278,296,297,384,201,210,206,215,209
1611428224.745258,266,292,289,371,195,205,202,213,205
1611428224.755201,259,288,280,364,189,202,199,210,198
1611428224.765251,214,284,274,360,181,196,195,206,192
1611428224.774941,131,277,270,352,160,190,193,202,186
1611428224.784721,102,272,266,346,133,185,189,197,169
1611428224.794977,96,269,256,342,101,178,185,192,121
1611428224.805446,103,264,245,349,75,157,181,187,74
1611428224.814911,120,257,235,344,68,140,179,182,66
1611428224.824996,133,250,232,347,65,123,177,162,64
1611428224.835132,149,240,232,347,64,110,172,142,62
1611428224.845308,157,228,232,349,63,101,171,126,62
1611428224.855066,162,205,228,346,62,96,169,119,62
1611428224.864985,164,177,218,346,62,94,169,116,62
1611428224.875206,160,152,205,342,62,96,169,121,61
1611428224.885092,153,136,187,344,60,100,169,128,62
1611428224.895156,147,128,173,345,61,104,168,133,61
1611428224.905317,145,129,165,344,61,107,169,136,61
1611428224.915287,144,138,165,346,62,108,170,140,61
1611428224.924997,141,154,172,347,61,109,170,142,59
1611428224.935009,144,184,190,348,62,110,172,142,59
1611428224.945266,145,216,218,352,62,108,171,138,57
1611428224.955103,148,240,238,352,62,106,173,136,55
1611428224.96514,152,258,257,357,60,101,173,137,50
1611428224.975293,162,273,273,365,60,90,173,148,47
1611428224.985018,177,278,280,366,59,74,174,167,51
1611428224.995018,204,282,282,369,57,59,171,180,85
1611428225.005231,227,282,288,373,57,46,170,190,150
1611428225.014897,240,285,288,372,56,41,169,197,175
1611428225.024818,247,285,289,373,58,41,168,199,185
1611428225.03477,256,285,290,373,65,52,170,202,190
1611428225.04478,256,285,290,370,78,86,171,202,192
1611428225.055114,258,285,290,373,93,122,174,204,194
1611428225.065182,258,285,288,373,103,144,174,202,196
1611428225.074928,261,288,290,372,112,155,177,204,197
1611428225.084929,261,288,293,373,118,161,177,204,195
1611428225.094806,262,288,291,370,125,165,177,205,197
1611428225.105264,264,288,289,369,133,165,177,203,198
1611428225.114984,263,288,291,367,138,169,178,205,197
1611428225.124767,261,288,290,372,141,170,179,202,197
1611428225.134905,262,285,290,368,141,171,181,205,198
1611428225.144918,261,285,290,370,139,172,181,204,197
1611428225.155233,262,285,289,370,136,172,181,204,198
1611428225.165181,262,285,292,376,131,170,180,203,198
1611428225.174759,262,285,290,374,126,173,182,205,197
1611428225.184919,261,285,290,384,122,174,182,204,197
1611428225.195208,262,288,290,384,117,177,186,205,197
1611428225.204978,261,285,289,384,110,181,189,205,196
1611428225.215233,260,288,288,384,113,184,192,205,197
1611428225.225202,261,288,288,384,141,190,194,210,197
1611428225.234983,261,290,291,384,177,197,197,211,202
1611428225.245051,265,296,296,384,187,201,197,213,206
1611428225.255159,277,296,301,384,195,204,201,215,209
1611428225.265008,283,298,301,390,199,206,205,214,210
1611428225.275057,285,301,304,394,201,212,209,221,213
1611428225.2849,290,299,305,400,208,218,210,222,218
1611428225.295101,294,306,312,402,215,221,213,223,222
1611428225.305231,301,306,313,406,218,221,215,224,222
1611428225.314862,306,309,315,416,220,224,218,226,225
1611428225.324864,309,305,317,416,223,224,216,228,227
1611428225.335006,310,310,317,416,226,227,221,229,229
1611428225.345451,312,309,320,416,226,227,221,229,228
1611428225.355103,314,311,320,416,229,229,221,228,229
1611428225.365,314,309,320,416,230,230,221,229,227
1611428225.375175,314,310,320,416,229,230,221,228,228
1611428225.385193,315,306,315,408,229,230,221,230,229
1611428225.395169,315,304,314,408,226,232,221,229,229
1611428225.405284,317,308,318,416,228,231,221,229,225
1611428225.415027,315,310,320,417,230,229,221,228,228
1611428225.424789,309,311,320,418,230,230,222,229,229
1611428225.434992,314,309,321,417,230,230,220,230,228
1611428225.444974,314,312,320,417,230,226,221,229,229
1611428225.455101,317,309,320,416,230,229,222,230,229
1611428225.465328,316,306,319,416,230,225,221,230,229
1611428225.475291,314,310,320,416,229,229,219,226,225
1611428225.484966,309,311,320,416,228,230,221,230,229
1611428225.494726,314,308,320,416,230,229,217,227,229
1611428225.505032,311,308,315,416,228,229,221,225,225
1611428225.515189,315,311,321,416,230,228,220,230,229
1611428225.52512,316,310,319,416,225,231,219,230,230
1611428225.535353,317,309,321,416,229,229,221,229,225
1611428225.545317,309,310,317,416,229,230,221,227,228
1611428225.55488,317,309,320,416,228,226,217,229,229
1611428225.565065,313,310,317,410,229,230,221,228,229
1611428225.574916,313,308,315,410,229,225,218,229,229
1611428225.584699,316,310,320,417,230,231,221,226,225
1611428225.594888,314,308,319,417,230,228,218,228,228
1611428225.604805,316,309,320,416,230,231,221,229,228
1611428225.615928,316,310,321,416,229,229,221,229,229
1611428225.625045,314,309,318,416,228,230,221,230,225
1611428225.634871,317,314,322,418,226,228,221,229,225
1611428225.644805,317,309,321,418,230,231,221,229,228
1611428225.655103,315,310,322,417,229,230,221,229,229
1611428225.665107,314,306,322,416,230,232,220,229,227
1611428225.675297,315,310,320,416,229,231,222,230,228
1611428225.684964,317,309,317,410,227,230,221,228,229
1611428225.695333,317,312,322,416,229,230,221,229,228
1611428225.705178,317,306,314,416,230,230,215,226,228
1611428225.715341,309,313,321,416,230,227,217,226,227
1611428225.725351,317,313,320,416,228,230,221,229,228
1611428225.735285,315,309,320,418,230,230,221,230,229
1611428225.745253,316,309,319,416,229,230,221,230,228
1611428225.754972,315,309,320,417,230,230,221,229,229
1611428225.765143,314,312,321,418,231,229,222,228,229
1611428225.774927,316,309,321,416,229,230,219,229,226
1611428225.785053,314,310,317,416,226,230,221,230,228
1611428225.795274,312,311,320,416,229,229,221,229,229
1611428225.805474,315,312,320,416,228,231,221,229,229
1611428225.815206,318,312,321,416,228,229,217,226,225
1611428225.824844,314,310,320,416,229,229,221,227,228
1611428225.835201,315,308,321,416,229,227,220,228,229
1611428225.844938,317,310,322,417,230,230,221,227,228
1611428225.854906,315,306,315,408,229,230,222,230,228
1611428225.864978,314,309,320,416,229,231,216,228,228
1611428225.874738,317,312,317,416,227,230,222,229,229
1611428225.88481,312,312,317,417,229,226,217,230,229
1611428225.895196,317,310,321,418,230,227,221,230,229
1611428225.905219,309,306,317,416,230,232,221,230,230
1611428225.915025,315,306,320,416,226,227,221,229,229
1611428225.924774,314,310,321,418,230,229,222,230,229
1611428225.935119,317,310,321,416,229,226,218,230,229
1611428225.945254,315,310,322,416,229,226,216,229,227
1611428225.954999,311,304,321,418,231,228,220,229,228
1611428225.965018,316,309,320,416,230,232,221,230,229
1611428225.974974,309,312,316,416,225,230,221,230,229
1611428225.98498,317,310,321,416,232,232,220,229,228
1611428225.995268,311,306,314,416,228,230,222,230,229
1611428226.005428,314,310,318,416,230,232,221,229,229
1611428226.014705,317,306,321,416,229,232,221,229,226
1611428226.024948,318,309,316,416,229,230,221,229,230
1611428226.035073,310,310,322,421,230,232,221,229,229
1611428226.045422,314,310,317,409,225,229,220,231,227
1611428226.055309,315,311,320,416,229,230,221,229,229
1611428226.065311,316,309,322,416,230,229,221,229,224
1611428226.075113,315,304,320,416,229,229,219,228,229
1611428226.085014,314,312,321,416,230,232,221,226,225
1611428226.094938,317,312,320,416,229,230,222,228,229
1611428226.105016,315,309,320,416,231,226,217,230,228
1611428226.114975,317,306,317,416,229,229,222,230,223
1611428226.125096,317,311,322,416,229,225,218,230,229
1611428226.135158,317,310,320,418,231,231,221,229,227
1611428226.144783,317,311,318,416,230,230,222,229,229
1611428226.154722,315,312,321,416,230,230,221,230,229
1611428226.165239,315,309,320,418,231,232,221,230,229
1611428226.174899,317,308,322,418,229,231,222,230,229
1611428226.185164,315,310,320,416,230,231,221,229,228
1611428226.194886,315,312,321,417,231,230,222,230,229
1611428226.204758,317,310,321,418,229,232,216,225,226
1611428226.214965,317,312,322,417,229,226,217,227,229
1611428226.22517,317,311,320,417,230,229,222,230,230
1611428226.235272,317,309,317,416,230,230,222,230,229
1611428226.244819,317,310,322,416,231,226,216,229,229
1611428226.254908,317,312,317,410,227,229,221,229,229
1611428226.265184,316,311,318,416,228,229,222,229,230
1611428226.275264,314,309,320,419,230,229,222,230,230
1611428226.285047,309,306,320,416,231,230,221,230,229
1611428226.295125,315,309,321,416,228,230,221,229,229
1611428226.305605,314,312,321,416,230,230,222,230,229
1611428226.315238,317,309,320,416,230,230,222,230,230
1611428226.32493,314,312,320,416,229,230,222,229,229
1611428226.335003,315,311,320,410,229,230,221,229,229
1611428226.344946,317,310,319,418,229,230,221,229,229
1611428226.355046,317,312,321,416,225,230,222,230,229
1611428226.365097,315,310,320,410,229,230,222,229,229
1611428226.375307,309,310,320,418,231,230,221,230,229
1611428226.385103,314,306,317,417,231,231,217,225,229
1611428226.395378,315,309,320,418,231,226,218,230,230
1611428226.405153,314,309,321,416,230,227,215,230,228
1611428226.415186,314,310,322,417,229,230,222,229,229
1611428226.424892,312,308,320,416,229,231,222,230,230
1611428226.43492,314,310,320,417,231,230,222,229,229
1611428226.445128,314,312,321,418,230,230,217,230,228
1611428226.454913,314,310,320,418,229,229,222,229,228
1611428226.464989,315,311,322,418,230,231,221,229,226
1611428226.475304,315,305,320,417,229,229,221,229,229
1611428226.485266,315,310,320,416,229,229,217,230,229
1611428226.494991,314,309,320,416,229,231,223,226,229
1611428226.505282,314,311,320,416,230,230,221,226,226
1611428226.515046,314,309,321,421,229,230,222,231,229
1611428226.525497,312,309,320,416,230,230,221,229,227
1611428226.535177,316,310,320,417,229,232,221,231,230
1611428226.544996,309,306,321,420,230,226,216,229,227
1611428226.555053,317,311,321,410,226,231,221,226,229
1611428226.565031,317,310,318,416,229,227,223,230,229
1611428226.574957,313,312,321,416,230,229,221,231,229
1611428226.58556,316,309,321,416,229,232,222,230,229
1611428226.595081,317,309,318,416,230,231,222,230,230
1611428226.605122,317,305,320,416,231,231,221,230,229
1611428226.614925,315,310,321,416,229,230,221,229,230
1611428226.625413,314,310,320,420,230,230,221,230,229
1611428226.635086,317,310,317,418,231,230,221,230,229
1611428226.644884,316,312,320,418,229,230,222,229,228
1611428226.655317,316,309,320,416,226,232,220,229,227
1611428226.665338,314,310,315,417,231,231,217,226,226
1611428226.674964,315,306,321,416,230,231,221,229,229
1611428226.685115,315,312,320,416,228,231,222,230,230
1611428226.694915,315,308,320,420,228,229,221,230,229
1611428226.705112,316,310,318,418,230,231,222,230,230
1611428226.715084,315,310,321,421,230,230,221,230,230
1611428226.725121,315,311,320,417,227,226,218,230,230
1611428226.735164,315,310,320,419,231,232,222,230,230
1611428226.745094,317,309,318,420,228,230,223,230,225
1611428226.754938,314,309,318,418,231,231,216,229,229
1611428226.765109,314,309,318,418,229,231,223,230,229
1611428226.775147,308,305,321,416,230,232,221,229,228
1611428226.785036,317,309,319,416,230,230,221,230,229
1611428226.795225,317,312,320,416,229,230,221,230,229
1611428226.805384,317,311,320,416,230,232,221,232,230
1611428226.815205,317,309,314,410,225,229,221,230,230
1611428226.825348,317,311,321,416,230,232,222,230,230
1611428226.835135,316,308,321,416,231,228,221,229,230
1611428226.845568,315,309,320,416,229,230,222,230,230
1611428226.855065,317,309,318,416,228,231,222,230,230
1611428226.864923,317,310,321,416,225,231,221,229,225
1611428226.87498,316,311,320,418,229,230,222,230,229
1611428226.885222,314,311,320,418,227,232,222,229,227
1611428226.895422,314,312,318,416,229,230,218,230,228
1611428226.905349,315,309,320,419,225,231,221,229,229
1611428226.915067,317,310,320,416,230,230,221,230,229
1611428226.924908,309,310,321,417,230,230,221,228,228
1611428226.935405,316,313,320,421,231,232,222,232,230
1611428226.945003,312,310,324,418,230,232,221,229,228
1611428226.954968,317,312,322,418,231,232,218,227,229
1611428226.965216,315,305,318,416,227,228,221,229,227
1611428226.975653,311,310,322,419,229,232,222,230,230
1611428226.985239,317,310,322,417,229,231,222,230,230
1611428226.995146,315,310,319,418,229,232,220,229,230
1611428227.005224,309,310,318,421,229,230,222,230,229
1611428227.015276,317,312,320,418,229,230,223,232,229
1611428227.025248,317,308,318,416,231,230,218,232,230
1611428227.035172,315,310,320,416,227,230,223,229,229
1611428227.044898,315,311,322,418,229,229,222,227,226
1611428227.055301,317,306,322,418,231,231,223,230,231
1611428227.065225,317,311,320,416,230,232,222,230,229
1611428227.074863,314,312,322,418,229,229,223,229,228
1611428227.085113,315,305,317,419,230,230,222,230,231
1611428227.095327,317,311,321,418,232,227,218,231,231
1611428227.105612,316,309,320,411,225,232,222,232,230
1611428227.115559,310,310,317,410,230,232,222,230,230
1611428227.125241,314,308,320,418,231,226,217,232,230
1611428227.135015,309,312,320,418,231,232,222,230,229
1611428227.145279,314,309,321,417,232,230,223,230,229
1611428227.155632,314,310,321,417,229,230,223,230,226
1611428227.16508,314,308,322,416,229,232,223,231,226
1611428227.175181,314,312,321,416,230,226,218,226,230
1611428227.185164,315,311,321,417,232,233,221,231,230
1611428227.19493,317,311,321,416,231,228,217,228,229
1611428227.204913,315,311,318,416,231,230,219,230,229
1611428227.215081,314,309,321,416,230,227,219,229,230
1611428227.225138,317,309,322,418,230,227,218,227,230
1611428227.235029,310,309,320,411,225,227,222,230,229
1611428227.244901,310,309,318,416,230,230,222,230,230
1611428227.254937,315,309,318,416,230,232,222,230,229
1611428227.265014,315,310,314,408,229,231,223,230,230
1611428227.275146,317,309,321,420,230,230,223,230,231
1611428227.285326,316,306,314,410,229,229,222,231,229
1611428227.29529,317,312,320,416,229,230,222,229,228
1611428227.305204,317,313,322,418,232,232,222,230,228
1611428227.315028,315,310,318,417,232,232,222,230,230
1611428227.325193,318,312,318,416,230,232,222,230,229
1611428227.33496,314,309,322,416,226,227,222,229,228
1611428227.34502,315,310,321,418,231,230,221,227,229
1611428227.355173,315,310,315,410,231,230,218,228,225
1611428227.365391,315,311,323,424,230,230,220,230,230
1611428227.375403,314,310,320,418,229,232,222,228,229
1611428227.384936,317,311,320,417,230,232,221,229,228
1611428227.395006,316,312,321,416,228,230,222,230,227
1611428227.405487,315,310,322,416,232,232,222,231,229
1611428227.415019,312,310,317,416,230,226,218,231,230
1611428227.425543,315,309,321,416,231,232,222,232,230
1611428227.435083,315,310,320,410,224,230,222,230,229
1611428227.4451,314,310,317,416,229,230,221,229,229
1611428227.454906,315,310,321,408,227,229,222,229,226
1611428227.464887,317,310,320,416,229,232,222,232,229
1611428227.475035,309,310,320,416,229,230,222,229,228
1611428227.48501,314,309,321,416,230,228,222,230,231
1611428227.495271,312,308,317,411,230,230,222,229,229
1611428227.505228,315,309,321,416,230,232,222,230,229
1611428227.514959,314,310,314,408,229,230,223,231,230
1611428227.525154,314,310,315,416,231,229,222,230,230
1611428227.535164,314,309,317,416,231,233,222,230,229
1611428227.544975,314,306,321,416,230,230,222,229,230
1611428227.555366,314,304,314,408,226,232,223,230,230
1611428227.565453,314,310,321,416,232,232,223,232,229
1611428227.57546,315,310,318,416,230,230,222,228,230
1611428227.58554,314,310,317,416,230,233,222,230,229
1611428227.595116,314,306,318,416,229,230,223,232,231
1611428227.60522,312,308,318,416,226,231,223,232,230
1611428227.615174,315,309,320,416,230,232,223,232,229
1611428227.625511,314,310,321,416,232,230,222,227,225
1611428227.635281,316,306,313,416,230,231,223,230,230
1611428227.645024,314,306,321,416,230,228,219,230,230
1611428227.654906,314,308,319,416,232,229,218,226,226
1611428227.665133,314,309,321,416,231,230,220,231,230
1611428227.674933,316,310,320,416,230,232,223,231,227
1611428227.684907,317,309,318,408,227,229,221,229,229
1611428227.694947,314,311,321,416,230,232,221,231,229
1611428227.705022,317,308,321,417,230,233,223,231,230
1611428227.714757,315,310,317,416,229,230,222,226,225
1611428227.724824,317,314,321,416,230,228,218,228,230
1611428227.73516,315,309,317,416,230,227,221,230,230
1611428227.745064,317,310,322,416,232,227,218,230,230
1611428227.754934,317,311,321,416,228,228,218,230,230
1611428227.765345,317,312,320,416,231,232,222,232,231
1611428227.774949,317,310,321,416,231,229,222,226,230
1611428227.785272,314,310,321,416,230,229,218,227,230
1611428227.795118,317,310,317,410,227,231,222,232,230
1611428227.80512,317,312,316,410,226,229,222,230,229
1611428227.815068,314,311,314,410,229,233,222,231,231
1611428227.825104,310,311,321,416,228,229,223,230,230
1611428227.835036,312,310,318,416,232,232,222,229,230
1611428227.845118,315,311,321,418,232,230,217,227,230
1611428227.855404,314,309,320,416,232,233,222,230,230
1611428227.865275,315,307,320,418,230,229,218,232,231
1611428227.875508,317,312,321,416,231,232,222,230,229
1611428227.885501,317,311,321,416,232,230,223,230,230
1611428227.895252,311,309,320,416,231,232,223,231,231
1611428227.905309,315,310,317,416,232,232,222,230,231
1611428227.914975,314,310,320,416,230,233,221,230,228
1611428227.924754,311,309,321,417,230,230,222,229,229
1611428227.934679,314,310,320,416,231,232,223,230,231
1611428227.945429,313,310,319,416,230,229,217,228,230
1611428227.955308,317,309,319,416,232,229,221,228,228
1611428227.964893,314,310,320,416,229,229,221,231,230
1611428227.974957,317,311,318,418,230,232,222,231,231
1611428227.985069,314,312,320,416,226,232,221,230,230
1611428227.995175,315,311,321,416,230,232,223,229,230
1611428228.005019,314,309,319,416,231,232,222,230,230
1611428228.015107,314,310,321,410,227,229,223,230,229
1611428228.025247,317,309,315,416,229,231,224,230,230
1611428228.034939,314,305,317,416,230,232,223,231,230
1611428228.044827,314,309,320,416,230,232,223,232,226
1611428228.055167,314,309,321,416,232,232,222,230,229
1611428228.064899,314,305,315,410,230,229,219,229,230
1611428228.074837,313,309,321,416,232,230,222,231,231
1611428228.084911,314,309,318,416,232,232,221,232,230
1611428228.09487,314,310,318,416,227,231,222,231,229
1611428228.105284,314,309,318,416,230,228,219,232,231
1611428228.11504,314,312,315,411,226,231,223,230,229
1611428228.125066,309,306,317,410,227,231,223,231,230
1611428228.13499,311,308,319,416,230,233,222,230,230
1611428228.144853,312,308,319,405,225,228,221,229,231
1611428228.154757,308,309,317,416,232,232,223,232,230
1611428228.16492,313,309,320,417,230,229,218,229,231
1611428228.17488,313,304,319,416,232,232,222,232,230
1611428228.184701,314,309,320,416,226,231,223,230,229
1611428228.195271,309,307,322,416,232,232,223,231,231
1611428228.204858,317,313,321,416,231,232,222,230,229
1611428228.2153,310,308,317,416,232,231,222,230,230
1611428228.225189,315,310,320,417,230,232,222,231,230
1611428228.235004,315,310,321,416,232,233,221,230,231
1611428228.245115,315,310,322,416,232,233,223,232,231
1611428228.255514,314,306,318,416,230,232,222,232,230
1611428228.265136,314,310,321,418,231,232,222,232,231
1611428228.274985,314,311,322,417,231,232,223,230,230
1611428228.285331,315,309,321,416,232,232,221,228,231
1611428228.294643,317,312,320,416,230,230,223,228,227
1611428228.305349,312,309,318,417,230,232,223,230,230
1611428228.31514,317,314,322,416,232,230,222,228,228
1611428228.325324,314,309,322,416,232,233,222,231,226
1611428228.334986,314,311,320,417,231,231,223,232,230
1611428228.344922,315,309,318,416,230,232,222,230,230
1611428228.355172,317,314,321,416,231,231,223,232,231
1611428228.365283,314,309,320,416,231,232,223,232,230
1611428228.375195,314,310,319,416,229,229,222,229,230
1611428228.385209,317,310,319,416,231,233,223,232,231
1611428228.394942,309,310,320,417,231,228,218,228,230
1611428228.405181,313,310,315,410,226,231,221,230,230
1611428228.415065,317,312,320,416,230,232,222,227,226
1611428228.425145,314,308,318,416,230,232,223,232,231
1611428228.435109,317,309,314,410,230,233,223,230,227
1611428228.445373,314,310,317,416,229,232,222,230,227
1611428228.454882,314,309,322,416,229,229,221,230,230
1611428228.465153,315,310,322,417,226,228,222,231,229
1611428228.474984,314,309,318,416,230,226,218,232,230
1611428228.484895,315,310,320,416,230,231,223,231,231
1611428228.494754,314,306,321,416,230,230,224,232,230
1611428228.504661,315,309,322,417,232,232,223,232,230
1611428228.514993,315,309,320,416,232,232,224,231,230
1611428228.525175,314,309,322,417,231,230,222,227,229
1611428228.53515,317,314,321,416,231,232,223,232,231
1611428228.545102,317,313,315,409,226,231,221,230,230
1611428228.554832,315,313,322,416,230,232,223,231,230
1611428228.565057,312,313,322,416,230,229,224,232,231
1611428228.575094,317,312,322,410,232,232,224,230,232
1611428228.584967,317,312,322,418,229,231,223,231,230
1611428228.595229,316,313,323,417,232,232,222,232,230
1611428228.605339,317,310,321,416,229,233,223,232,232
1611428228.614793,314,310,318,416,230,231,222,231,232
1611428228.624851,315,312,322,420,232,230,222,230,227
1611428228.635126,310,312,322,416,231,232,222,231,229
1611428228.645456,316,312,321,418,232,233,223,230,229
1611428228.655096,310,309,320,416,232,233,223,230,227
1611428228.665119,315,310,320,410,225,231,222,229,229
1611428228.674847,315,312,322,416,230,231,222,229,231
1611428228.68506,314,310,321,417,233,232,218,228,226
1611428228.694663,314,311,320,416,231,231,219,230,231
1611428228.704737,315,310,322,416,230,232,223,232,229
1611428228.714941,311,312,321,416,230,232,222,230,229
1611428228.725145,316,314,317,416,228,232,222,230,230
1611428228.735018,318,311,321,416,230,231,224,230,229
1611428228.744838,314,312,322,416,232,229,221,230,230
1611428228.75513,311,309,315,410,228,231,223,230,230
1611428228.765089,317,312,322,418,232,232,223,229,228
1611428228.774914,315,312,321,418,229,233,222,232,230
1611428228.785169,317,310,321,418,232,233,223,231,231
1611428228.79517,317,312,322,421,230,228,223,232,231
1611428228.805228,317,310,318,418,232,233,223,232,232
1611428228.815287,317,312,321,419,230,231,218,229,231
1611428228.825105,315,312,322,418,230,232,218,232,232
1611428228.834954,309,312,322,418,232,232,223,232,230
1611428228.844838,317,314,322,420,229,231,223,230,230
1611428228.855075,317,313,322,420,232,231,223,230,230
1611428228.865395,310,312,322,418,231,232,224,232,230
1611428228.875399,317,314,321,418,227,232,224,230,230
1611428228.885365,317,312,321,418,231,232,221,230,229
1611428228.895089,310,308,315,416,232,233,222,230,229
1611428228.904883,310,310,323,424,232,232,222,232,230
1611428228.915061,311,310,321,418,231,231,221,232,231
1611428228.924727,314,310,320,420,231,232,221,229,227
1611428228.935094,317,312,320,420,232,232,223,231,231
1611428228.945026,317,309,320,416,227,233,223,232,232
1611428228.955297,315,312,322,416,228,232,224,232,230
1611428228.964935,317,311,320,418,230,232,221,230,228
1611428228.974928,317,314,324,418,229,232,222,230,230
1611428228.98483,317,312,321,420,230,231,222,229,229
1611428228.995006,317,312,321,417,229,230,222,230,229
1611428229.004688,315,313,324,421,232,232,223,230,229
1611428229.014915,318,314,322,421,232,232,218,226,231
1611428229.025109,318,314,321,421,228,228,223,231,229
1611428229.035032,317,311,322,418,230,232,222,232,230
1611428229.044976,309,311,320,421,231,231,221,229,230
1611428229.055259,310,311,321,416,232,230,222,230,230
1611428229.065293,314,306,314,416,230,228,221,229,230
1611428229.075133,315,312,322,418,230,230,221,231,229
1611428229.084936,311,308,318,417,228,229,221,229,227
1611428229.095259,313,310,318,418,226,229,219,229,227
1611428229.105194,309,312,319,416,222,225,216,228,224
1611428229.115104,304,309,317,410,219,226,219,226,224
1611428229.124952,301,306,313,407,218,221,216,225,221
1611428229.134874,299,308,313,406,216,221,213,224,221
1611428229.144972,296,305,309,406,213,218,212,220,217
1611428229.154827,290,304,308,400,209,217,211,221,215
1611428229.164838,288,299,304,395,205,214,208,220,213
1611428229.175142,282,298,301,390,202,210,208,218,211
1611428229.185379,277,296,298,386,199,208,204,215,208
1611428229.195455,270,296,296,384,196,205,203,214,206
1611428229.205303,261,293,292,370,190,203,200,211,203
1611428229.215156,256,290,288,365,187,199,199,212,199
1611428229.224793,199,288,279,357,181,197,197,209,194
1611428229.234773,126,288,274,350,173,192,194,206,189
1611428229.245319,97,282,269,346,150,189,193,202,183
1611428229.255132,91,277,262,344,131,185,189,198,164
1611428229.265114,92,274,259,346,113,182,187,195,131
1611428229.275051,92,272,256,347,95,174,184,192,97
1611428229.285124,98,267,251,352,80,165,183,189,75
1611428229.295053,106,265,248,352,73,151,181,187,68
1611428229.305207,114,262,244,350,69,144,178,184,66
1611428229.315262,121,260,242,353,67,136,178,181,63
1611428229.325093,128,257,240,354,66,128,175,173,61
1611428229.335128,133,256,237,354,64,123,174,166,61
1611428229.345441,138,249,233,354,64,117,173,160,59
1611428229.354981,137,244,225,354,62,116,173,157,59
1611428229.365256,138,239,216,353,61,114,173,156,58
1611428229.374843,146,234,202,352,61,114,173,158,58
1611428229.384873,141,230,179,349,60,116,173,162,58
1611428229.395115,132,229,154,352,61,120,173,168,57
1611428229.405194,126,229,123,349,61,125,173,174,58
1611428229.415252,114,232,96,342,61,130,173,178,59
1611428229.424832,106,234,81,342,61,136,174,181,61
1611428229.435031,98,237,73,340,61,142,174,183,62
1611428229.445014,96,240,69,340,62,146,175,183,63
1611428229.455245,90,246,67,338,62,150,175,185,64
1611428229.465283,92,247,63,337,62,154,176,186,65
1611428229.475133,91,256,61,336,61,157,177,188,66
1611428229.484976,89,256,58,336,62,160,177,187,67
1611428229.495142,86,256,58,336,62,162,176,189,67
1611428229.504956,86,258,57,338,60,162,178,189,65
1611428229.515075,85,261,61,349,61,162,177,188,61
1611428229.52508,90,277,75,372,61,160,178,187,55
1611428229.535047,91,286,134,378,61,154,178,188,49
1611428229.545135,92,289,200,384,60,151,178,189,43
1611428229.555019,96,291,256,395,59,146,178,186,39
1611428229.565177,114,301,283,396,59,132,177,183,32
1611428229.575286,145,303,306,403,58,108,177,184,33
1611428229.585017,189,304,306,402,56,72,175,186,40
1611428229.595154,226,308,306,405,55,52,173,190,93
1611428229.605333,252,310,306,404,54,43,171,191,157
1611428229.614997,256,304,308,400,55,40,167,195,172
1611428229.625029,262,306,306,400,58,40,164,197,179
1611428229.634965,261,301,308,394,62,42,164,199,182
1611428229.645125,264,306,307,399,69,44,164,199,186
1611428229.655547,269,305,308,405,73,46,163,200,187
1611428229.665524,268,304,308,397,77,49,165,201,189
1611428229.675059,264,305,312,395,78,53,165,201,189
1611428229.684888,272,308,311,401,78,57,166,200,190
1611428229.694771,274,309,313,400,80,60,167,202,190
1611428229.704992,269,307,309,400,78,62,169,201,190
1611428229.715162,266,308,311,394,79,64,170,202,190
1611428229.725041,270,308,308,402,77,65,170,202,191
1611428229.735198,273,309,309,402,74,66,171,202,192
1611428229.745266,273,308,312,403,74,69,172,202,192
1611428229.755466,273,305,310,401,70,70,173,202,192
1611428229.765572,272,309,310,400,68,72,174,202,192
1611428229.775052,273,308,309,405,66,74,174,201,192
1611428229.785256,272,308,313,405,64,77,177,202,191
1611428229.795292,268,306,308,404,60,84,178,202,191
1611428229.80515,272,308,312,408,59,95,178,203,192
1611428229.814952,272,308,309,400,56,110,181,203,191
1611428229.825065,269,309,314,416,55,133,182,203,192
1611428229.83506,272,306,310,410,53,157,184,205,193
1611428229.845155,266,305,309,410,53,173,187,205,193
1611428229.855818,267,306,309,416,56,181,189,205,193
1611428229.865035,269,310,310,416,65,187,190,208,194
1611428229.874912,272,312,312,416,120,189,193,209,196
1611428229.884961,273,313,314,417,175,195,195,211,201
1611428229.894808,277,320,319,416,183,198,197,213,205
1611428229.904855,291,320,322,422,189,200,199,213,206
1611428229.914677,301,325,328,427,193,203,201,213,208
1611428229.924676,306,325,330,432,197,206,205,218,210
1611428229.9349,309,328,330,433,200,210,208,219,213
1611428229.945027,314,333,336,434,204,216,209,222,217
1611428229.95505,321,336,340,439,213,220,213,224,221
1611428229.96482,328,331,341,445,217,221,215,226,221
1611428229.974864,333,337,344,447,219,223,218,227,223
1611428229.98501,336,337,346,449,221,224,219,229,227
1611428229.994812,342,340,352,453,226,228,221,229,229
1611428230.005131,344,341,350,450,225,230,221,232,230
1611428230.015031,344,342,352,446,226,228,222,230,230
1611428230.025245,341,340,349,454,230,230,221,230,231
1611428230.035294,344,341,350,456,228,229,222,230,232
1611428230.045125,344,341,352,458,232,232,223,233,229
1611428230.055059,338,341,352,458,230,232,223,232,230
1611428230.065095,346,340,352,454,230,232,222,230,226
1611428230.075484,344,340,342,448,226,230,222,231,232
1611428230.085189,346,340,352,448,230,230,223,232,231
1611428230.094931,336,336,352,456,233,232,222,230,228
1611428230.104991,342,336,345,445,230,233,222,230,228
1611428230.115134,340,330,344,449,230,231,219,232,230
1611428230.124926,337,331,343,443,232,232,224,230,232
1611428230.135048,338,333,342,455,232,229,223,231,232
1611428230.145133,344,341,347,453,231,232,224,232,228
1611428230.154718,341,336,347,453,229,230,222,231,228
1611428230.165203,338,338,348,450,229,232,222,228,227
1611428230.175121,336,337,346,458,231,233,223,230,229
1611428230.185136,344,340,349,458,232,234,221,229,228
1611428230.195119,344,336,349,452,226,227,221,230,230
1611428230.20539,337,337,347,453,232,230,218,229,229
1611428230.214988,340,340,346,454,231,229,218,231,230
1611428230.224809,341,334,347,453,232,232,222,232,231
1611428230.234851,343,333,344,448,228,233,222,230,231
1611428230.245687,341,336,346,450,233,232,225,232,231
1611428230.25523,341,331,347,450,231,233,223,232,229
1611428230.264913,333,333,343,446,231,230,222,231,231
1611428230.275187,339,336,340,446,230,232,222,231,231
1611428230.284958,336,325,337,439,228,232,223,231,230
1611428230.295382,337,333,349,450,226,233,222,230,230
1611428230.30548,341,338,346,446,228,232,224,232,230
1611428230.315027,341,336,343,445,231,232,223,232,231
1611428230.325071,337,340,347,453,231,233,223,231,232
1611428230.334972,344,331,346,450,230,229,219,230,231
1611428230.344749,337,333,347,442,232,228,218,232,231
1611428230.355095,336,338,345,450,232,233,223,226,228
1611428230.365222,344,336,347,448,233,232,221,230,231
1611428230.375039,341,337,346,454,232,232,223,232,232
1611428230.384733,341,338,346,454,230,232,224,232,230
1611428230.395258,342,328,349,456,232,232,221,229,230
1611428230.405283,342,336,346,448,229,232,224,231,229
1611428230.415216,336,337,349,450,232,232,224,232,232
1611428230.4251,337,331,345,452,230,231,223,230,230
1611428230.435061,346,338,347,450,232,232,221,230,229
1611428230.444999,340,336,346,446,231,233,222,232,232
1611428230.455065,338,336,347,450,232,232,222,230,230
1611428230.465009,341,336,346,453,231,233,223,232,231
1611428230.47495,340,336,347,453,229,233,222,232,232
1611428230.485076,342,337,347,454,232,229,220,230,230
1611428230.495012,343,336,346,453,233,233,224,232,232
1611428230.504912,340,336,347,450,232,228,218,229,232
1611428230.514741,341,337,347,448,228,231,222,230,230
1611428230.524991,341,336,346,449,232,232,223,228,227
1611428230.534994,340,336,346,453,232,230,221,229,230
1611428230.544876,341,336,346,453,231,233,222,231,231
1611428230.55501,336,336,346,450,232,232,221,232,232
1611428230.564955,341,336,344,450,232,228,218,228,230
1611428230.575035,341,336,347,453,232,233,223,233,232
1611428230.585171,341,330,346,453,232,232,224,230,230
1611428230.595245,341,336,346,453,231,232,222,231,230
1611428230.605236,346,336,350,454,230,229,220,230,232
1611428230.615162,341,336,341,445,232,233,224,232,231
1611428230.625432,340,331,348,449,232,228,218,233,230
1611428230.635009,338,336,344,452,231,232,224,231,229
1611428230.645101,344,338,348,457,233,230,222,231,232
1611428230.654921,338,336,347,451,231,232,225,232,232
1611428230.665317,341,337,347,450,233,232,221,230,232
1611428230.67549,342,337,349,453,232,232,221,233,232
1611428230.685355,342,333,346,450,232,231,222,232,231
1611428230.695261,340,336,346,450,231,229,219,227,229
1611428230.705092,336,332,343,450,230,233,224,229,228
1611428230.715192,344,330,345,448,232,233,222,232,229
1611428230.725074,339,333,347,446,232,232,223,233,226
1611428230.73514,340,333,342,450,228,232,223,232,230
1611428230.745323,341,336,341,445,232,226,219,229,230
1611428230.755072,331,331,340,443,232,232,222,231,230
1611428230.765039,340,333,339,442,232,232,222,231,231
1611428230.774867,336,338,349,458,229,229,225,232,230
1611428230.78492,343,337,341,446,231,228,218,233,232
1611428230.794984,342,336,346,443,232,228,221,229,229
1611428230.805435,338,336,342,447,232,231,224,232,232
1611428230.815099,340,340,349,446,232,233,223,232,230
1611428230.825234,336,338,341,442,227,229,222,231,230
1611428230.835072,336,336,345,448,230,233,224,231,230
1611428230.84514,340,330,344,450,233,230,222,231,231
1611428230.855404,340,337,342,442,232,233,223,232,230
1611428230.865383,346,336,349,445,232,234,224,232,231
1611428230.875006,336,331,346,442,232,232,223,230,230
1611428230.884822,338,330,342,439,232,234,224,232,230
1611428230.895081,336,336,346,444,232,231,223,232,230
1611428230.905071,341,336,345,437,228,233,224,231,232
1611428230.914925,341,332,347,449,233,233,223,231,232
1611428230.924769,341,332,340,450,230,233,225,230,232
1611428230.934751,342,336,348,450,232,234,223,232,232
1611428230.945062,340,336,347,447,231,232,223,232,231
1611428230.955191,336,336,347,448,232,229,218,229,227
1611428230.965064,340,336,340,444,232,233,224,229,229
1611428230.974973,336,340,336,439,231,233,224,232,232
1611428230.98519,341,336,342,443,233,232,224,230,230
1611428230.995131,334,330,339,445,232,233,225,232,229
1611428231.005106,336,333,344,445,232,233,223,232,232
1611428231.01527,335,336,333,432,232,233,222,231,229
1611428231.025219,330,326,346,437,229,231,221,229,229
1611428231.035341,335,330,341,443,230,233,223,233,231
1611428231.044999,336,337,349,448,232,233,223,229,229
1611428231.054889,336,336,346,447,233,233,224,233,230
1611428231.065189,341,332,341,442,233,233,224,230,231
1611428231.075027,336,331,338,440,230,231,224,232,233
1611428231.085166,336,328,343,448,233,232,224,229,228
1611428231.0952,340,327,332,445,231,231,223,231,232
1611428231.105429,341,325,341,442,232,233,223,232,232
1611428231.115281,336,325,346,440,232,232,225,232,230
1611428231.12521,336,330,337,440,231,234,224,232,232
1611428231.135142,340,331,338,448,232,233,224,230,231
1611428231.14523,342,336,346,446,232,227,218,232,232
1611428231.155198,338,336,344,443,231,233,223,233,232
1611428231.165235,336,336,346,442,230,230,224,230,229
1611428231.175154,336,336,344,446,230,232,223,231,230
1611428231.18519,341,336,349,456,233,233,224,230,232
1611428231.194947,336,337,352,458,232,232,223,232,230
1611428231.204971,344,336,349,453,229,233,222,233,232
1611428231.215028,341,336,349,447,231,232,223,230,230
1611428231.225116,344,338,346,446,228,232,224,230,230
1611428231.235068,338,336,352,447,232,232,225,229,229
1611428231.245256,341,341,352,455,232,233,223,227,227
1611428231.255077,343,334,352,450,232,230,218,233,232
1611428231.265275,338,337,353,443,229,232,223,232,232
1611428231.27503,338,335,350,448,232,233,224,232,232
1611428231.285061,340,336,346,446,232,232,224,232,231
1611428231.294971,336,331,340,443,230,232,224,231,232
1611428231.304996,340,334,342,437,232,232,224,231,231
1611428231.314922,331,336,352,445,231,232,223,230,230
1611428231.325099,338,337,349,453,232,232,224,232,231
1611428231.335542,340,338,349,451,233,232,224,232,232
1611428231.345001,341,336,344,445,232,229,221,232,231
1611428231.354924,341,338,349,450,229,232,224,231,231
1611428231.364896,341,336,347,448,232,233,224,232,226
1611428231.374919,338,336,346,453,227,232,223,232,227
1611428231.385337,339,340,352,448,232,232,224,230,229
1611428231.395166,346,341,346,447,232,231,223,231,230
1611428231.405007,346,337,348,447,226,233,222,232,232
1611428231.415196,341,335,346,456,233,233,224,230,230
1611428231.425208,341,343,354,458,232,232,223,229,228
1611428231.435297,349,343,350,448,229,233,223,226,226
1611428231.444976,341,338,350,453,229,232,224,230,231
1611428231.454944,347,336,352,448,226,233,222,232,232
1611428231.465098,341,336,348,450,230,233,224,232,232
1611428231.474918,347,342,345,452,231,232,222,230,229
1611428231.484882,341,333,348,452,232,232,222,232,231
1611428231.495101,342,326,338,443,231,233,222,230,232
1611428231.505028,333,332,340,443,226,232,223,231,231
1611428231.514832,336,322,340,443,231,232,223,230,232
1611428231.524989,336,331,340,442,232,233,222,232,232
1611428231.535124,336,330,340,438,231,232,222,232,231
1611428231.545422,336,325,336,442,231,233,223,232,231
1611428231.55549,333,328,337,440,229,232,223,231,230
1611428231.565065,336,330,341,445,232,228,218,232,231
1611428231.575102,333,330,341,443,233,232,224,229,228
1611428231.585243,336,330,338,442,232,232,224,231,232
1611428231.595202,336,328,337,438,232,231,223,229,229
1611428231.60563,333,331,341,441,232,234,223,231,232
1611428231.615146,330,329,339,439,230,232,222,230,228
1611428231.625085,336,329,340,442,231,231,223,227,227
1611428231.635111,330,325,341,443,232,232,222,233,231
1611428231.645371,332,326,338,439,231,232,222,232,230
1611428231.655008,334,328,338,437,231,233,218,227,228
1611428231.665008,333,330,336,436,230,232,219,232,230
1611428231.674887,330,326,338,440,228,233,222,231,230
1611428231.685025,336,328,340,437,231,232,222,232,229
1611428231.694933,330,325,336,440,232,233,223,231,230
1611428231.704896,333,326,337,442,232,230,219,227,226
1611428231.714902,336,325,336,437,230,232,223,230,229
1611428231.724973,330,328,338,438,232,232,223,232,230
1611428231.735014,325,322,337,438,232,231,219,228,232
1611428231.745032,336,328,340,440,231,233,223,232,232
1611428231.75496,333,325,338,442,232,233,223,231,232
1611428231.764747,333,325,333,442,232,234,223,230,232
1611428231.775097,336,325,337,438,232,230,221,230,230
1611428231.785034,336,328,337,440,231,232,221,228,230
1611428231.79513,336,325,336,434,230,233,223,233,232
1611428231.805309,336,325,336,438,230,230,223,230,230
1611428231.815245,336,329,339,440,228,231,224,230,230
1611428231.824964,333,325,338,437,231,229,221,229,229
1611428231.834884,336,329,338,442,230,232,222,231,231
1611428231.844991,333,326,338,438,231,232,222,232,230
1611428231.855022,330,325,337,436,232,232,224,230,232
1611428231.865152,330,322,340,437,232,232,223,230,230
1611428231.875105,322,325,336,436,233,233,218,228,230
1611428231.885089,324,321,336,435,232,232,224,231,232
1611428231.894776,332,324,333,429,226,228,221,232,230
1611428231.905538,333,327,338,442,232,230,221,227,231
1611428231.91504,325,325,338,438,232,232,223,229,229
1611428231.925019,333,326,337,439,232,232,221,229,232
1611428231.934959,333,328,340,442,233,230,220,229,230
1611428231.944867,329,328,340,443,232,231,222,231,230
1611428231.954909,328,325,336,437,229,233,223,230,231
1611428231.965204,332,330,340,437,232,232,222,230,232
1611428231.975397,330,329,343,442,232,232,223,229,229
1611428231.985465,328,330,340,442,232,232,222,232,230
1611428231.995012,333,325,336,437,232,230,222,229,229
1611428232.004746,336,331,341,443,232,228,220,231,231
1611428232.015018,333,328,338,440,232,233,224,230,231
1611428232.025432,336,329,338,442,231,229,218,229,230
1611428232.03508,336,325,342,442,232,229,219,229,231
1611428232.045033,331,330,340,440,232,232,222,232,230
1611428232.055161,330,330,341,442,226,233,222,230,231
1611428232.064942,333,330,336,442,229,232,224,230,229
1611428232.07507,336,330,337,438,229,233,223,232,232
1611428232.085145,336,324,344,442,233,232,224,231,230
1611428232.095212,336,325,331,445,232,233,223,231,230
1611428232.105132,333,330,341,442,232,232,222,229,226
1611428232.115086,336,325,336,439,230,232,223,231,232
1611428232.124757,336,328,338,436,227,227,222,230,231
1611428232.134607,336,330,340,442,232,233,222,230,227
1611428232.144956,336,330,331,433,232,232,223,230,232
1611428232.155052,333,328,339,442,231,232,223,232,231
1611428232.165452,336,330,340,442,231,229,223,230,232
1611428232.174756,336,328,341,443,232,232,223,231,231
1611428232.184654,336,328,338,443,231,234,223,230,231
1611428232.194851,336,329,341,442,232,232,223,231,230
1611428232.204963,333,328,338,442,232,232,221,231,231
1611428232.214851,336,326,341,445,230,232,223,232,230
1611428232.225384,333,328,342,445,231,230,222,231,232
1611428232.234989,336,331,342,448,233,229,218,230,229
1611428232.24499,338,333,343,445,232,233,222,230,230
1611428232.254956,337,330,341,445,231,232,224,231,230
1611428232.264961,336,333,340,446,233,228,219,228,226
1611428232.275018,340,331,341,443,231,226,219,232,231
1611428232.284999,330,326,336,442,232,230,221,230,230
1611428232.294795,338,326,342,445,232,230,223,230,230
1611428232.30499,334,331,341,443,232,231,219,229,232
1611428232.315081,336,325,341,442,232,232,223,231,231
1611428232.324937,336,330,341,445,230,228,220,232,231
1611428232.334773,336,330,341,442,231,229,221,232,232
1611428232.344763,336,330,341,442,230,229,218,228,231
1611428232.355103,336,330,338,445,232,227,219,230,230
1611428232.364949,330,326,341,443,232,233,224,232,230
1611428232.374892,336,325,341,445,228,229,222,231,229
1611428232.385224,336,328,341,446,231,233,224,232,231
1611428232.395591,333,328,340,442,233,231,223,230,230
1611428232.405013,326,325,337,437,230,230,224,232,231
1611428232.415075,336,330,340,439,232,232,223,232,230
1611428232.425272,333,329,340,445,232,232,223,232,231
1611428232.434969,331,330,341,443,232,230,219,228,226
1611428232.444899,336,330,338,441,231,232,223,232,230
1611428232.454916,336,330,341,440,232,232,222,230,230
1611428232.465242,333,330,341,433,226,230,222,232,230
1611428232.475252,333,322,341,442,231,232,222,232,230
1611428232.485133,334,322,341,443,230,230,218,232,232
1611428232.495095,336,329,339,442,232,232,223,230,231
1611428232.505385,336,326,338,443,232,232,223,230,231
1611428232.515263,336,325,333,433,232,232,223,231,230
1611428232.524952,333,330,338,440,233,232,223,228,228
1611428232.534903,328,330,340,437,231,228,218,230,230
1611428232.545329,333,325,336,439,230,227,218,232,232
1611428232.555175,336,329,336,440,232,232,222,231,230
1611428232.56492,336,328,333,436,233,232,222,232,232
1611428232.575028,330,322,327,429,232,233,223,230,232
1611428232.584987,325,316,333,432,232,233,224,232,232
1611428232.595214,314,312,325,421,232,233,224,233,232
1611428232.605307,317,314,324,424,233,233,220,229,228
1611428232.615319,317,313,322,418,230,232,223,230,229
1611428232.625462,317,311,321,421,232,232,223,230,231
1611428232.635282,314,310,315,421,232,231,219,229,229
1611428232.645374,315,311,323,411,227,231,222,230,229
1611428232.655024,317,314,322,418,232,230,221,230,230
1611428232.664936,317,311,320,416,232,228,220,227,230
1611428232.675131,316,309,320,418,232,231,221,230,230
1611428232.685008,317,310,322,418,231,233,223,232,230
1611428232.695189,317,314,322,417,229,233,222,233,231
1611428232.705177,315,312,323,418,233,233,224,228,228
1611428232.715147,311,306,315,418,232,232,221,232,231
1611428232.725273,317,312,317,418,230,233,222,231,232
1611428232.73496,318,310,321,417,229,232,224,231,232
1611428232.745109,317,311,317,416,232,233,223,230,230
1611428232.755299,317,311,322,418,232,227,222,230,231
1611428232.765282,315,313,320,416,233,233,224,230,230
1611428232.77531,312,311,321,416,231,232,224,230,232
1611428232.785184,314,310,318,416,233,232,223,229,229
1611428232.795125,317,309,320,418,232,230,219,229,231
1611428232.804904,317,306,321,416,232,232,219,232,231
1611428232.814922,312,308,317,416,233,232,223,232,232
1611428232.825408,317,312,321,421,232,233,223,231,230
1611428232.835021,315,311,317,416,230,232,223,231,232
1611428232.845206,317,310,322,416,230,232,222,230,230
1611428232.855039,317,312,322,418,233,229,221,229,230
1611428232.865009,319,310,323,418,232,232,222,231,230
1611428232.874995,317,312,317,410,233,233,223,232,232
1611428232.885089,320,310,323,418,232,229,222,229,230
1611428232.895278,317,314,325,421,232,234,223,231,229
1611428232.905532,317,314,322,421,228,232,221,230,229
1611428232.915023,317,313,322,417,230,232,221,229,229
1611428232.925047,320,311,322,418,226,228,223,230,230
1611428232.935214,320,315,322,416,227,229,222,230,232
1611428232.945015,317,312,322,418,232,232,219,227,232
1611428232.955323,318,314,322,418,232,232,223,228,230
1611428232.965211,317,312,322,417,232,232,220,230,232
1611428232.975303,314,314,324,418,231,229,219,227,229
1611428232.985417,315,310,320,418,230,230,222,231,231
1611428232.995131,320,310,322,418,231,230,223,228,231
1611428233.004913,317,313,320,419,232,232,223,231,229
1611428233.015138,320,308,321,421,232,233,224,232,231
1611428233.024881,317,312,321,418,232,232,223,232,230
1611428233.035055,317,312,323,417,230,232,223,232,232
1611428233.04494,314,310,322,418,231,232,224,230,232
1611428233.055146,318,312,319,416,231,232,223,232,230
1611428233.065115,317,313,322,420,232,232,222,232,227
1611428233.074911,317,312,322,417,230,232,222,232,230
1611428233.085075,317,312,322,421,233,232,223,232,232
1611428233.095356,318,311,322,421,231,232,224,232,231
1611428233.105023,311,311,322,416,229,232,224,232,228
1611428233.115884,317,310,322,421,232,233,224,232,230
1611428233.125431,318,312,322,421,232,232,224,232,232
1611428233.135348,318,312,322,421,232,231,222,231,229
1611428233.144756,318,313,322,424,232,234,224,231,228
1611428233.154882,314,310,322,421,231,232,224,232,231
1611428233.165319,317,313,323,424,231,229,224,229,229
1611428233.174977,312,312,317,421,232,233,223,232,226
1611428233.185007,317,310,322,424,232,228,219,232,232
1611428233.195287,316,312,322,421,229,229,220,229,229
1611428233.2052,315,309,320,416,227,231,220,231,232
1611428233.215261,314,312,321,421,232,231,224,226,227
1611428233.224875,317,306,317,416,230,233,222,231,230
1611428233.234661,318,309,322,418,232,232,223,232,230
1611428233.244841,319,312,321,416,230,232,223,230,228
1611428233.254822,318,314,322,421,230,232,223,232,230
1611428233.264813,317,309,319,416,228,232,223,233,231
1611428233.274979,317,314,325,416,229,230,223,230,230
1611428233.285091,317,312,322,421,232,232,221,229,229
1611428233.295311,318,314,322,416,229,231,223,232,230
1611428233.305213,312,308,320,418,232,231,221,230,230
1611428233.315,312,306,324,421,232,232,222,231,232
1611428233.324804,317,310,323,421,232,233,222,231,230
1611428233.335157,317,309,325,418,231,229,221,232,230
1611428233.345077,317,308,323,421,232,232,223,232,232
1611428233.355151,317,314,322,421,233,232,223,230,230
1611428233.36575,315,312,322,418,229,232,222,231,226
1611428233.375542,316,308,322,421,232,232,223,232,231
1611428233.384968,318,311,323,418,231,232,223,232,230
1611428233.394758,315,314,322,419,232,229,219,230,232
1611428233.404845,320,313,324,421,232,234,223,232,232
1611428233.415096,312,311,318,416,233,233,218,229,229
1611428233.425109,320,314,315,416,229,230,223,232,230
1611428233.434957,317,314,322,420,232,233,222,231,232
1611428233.444903,317,314,322,418,230,232,223,232,230
1611428233.4553,317,309,320,416,230,230,222,230,229
1611428233.465202,314,314,322,418,229,229,221,229,229
1611428233.475027,315,312,320,417,228,231,218,228,230
1611428233.484999,313,310,320,416,226,229,220,229,228
1611428233.49525,310,310,317,416,225,228,219,229,225
1611428233.505317,304,310,317,410,224,225,217,225,223
1611428233.515071,306,306,314,411,222,226,218,226,225
1611428233.525101,306,309,315,411,221,223,218,226,223
1611428233.535092,303,306,314,409,219,221,214,224,222
1611428233.54514,304,305,314,406,219,220,213,222,220
1611428233.555147,302,306,312,408,219,221,214,223,219
1611428233.565008,301,306,311,410,216,219,212,221,219
1611428233.575023,301,301,314,410,218,221,212,222,220
1611428233.585236,301,305,311,410,218,220,212,221,218
1611428233.595434,298,304,310,408,216,218,210,222,219
1611428233.605147,299,304,310,408,216,219,213,222,218
1611428233.614837,294,304,309,405,214,218,213,222,220
1611428233.624807,297,303,305,400,210,218,210,221,219
1611428233.634895,297,304,309,400,209,218,213,222,218
1611428233.645875,289,304,308,405,209,215,212,220,214
1611428233.654729,296,301,309,405,209,218,211,221,218
1611428233.66494,293,298,303,403,209,214,209,221,217
1611428233.674961,294,301,306,405,208,215,210,221,213
1611428233.685118,293,301,309,405,209,214,210,221,215
1611428233.69507,293,301,308,405,209,215,211,221,216
1611428233.705069,288,301,308,404,208,214,211,220,215
1611428233.714747,293,299,305,402,208,214,209,221,215
1611428233.724821,293,299,302,402,209,214,210,221,217
1611428233.735207,293,298,305,405,209,215,210,219,215
1611428233.7452,288,301,306,404,209,213,205,219,215
1611428233.754833,293,300,308,405,209,213,209,221,216
1611428233.764958,294,301,306,402,208,215,210,216,216
1611428233.774994,293,301,306,405,209,215,206,218,213
1611428233.784902,292,301,306,405,208,214,210,218,213
1611428233.794974,293,302,303,401,208,214,209,221,216
1611428233.805192,293,301,306,405,206,214,209,220,215
1611428233.815202,293,301,308,406,208,211,205,217,215
1611428233.825064,291,301,304,404,205,213,211,221,217
1611428233.835059,293,301,308,405,205,215,210,221,217
1611428233.845221,292,302,306,405,208,214,211,218,217
1611428233.854956,293,301,302,400,204,215,210,219,217
1611428233.865047,291,299,304,402,205,214,208,221,216
1611428233.875133,291,302,306,404,206,213,209,221,215
1611428233.885098,288,300,306,400,200,213,208,221,214
1611428233.895284,288,300,306,402,202,210,206,218,213
1611428233.905044,288,298,301,400,202,206,203,214,212
1611428233.914902,284,298,298,390,202,208,205,213,206
1611428233.925401,279,293,301,397,198,205,203,214,207
1611428233.934892,273,293,296,389,194,202,201,212,205
1611428233.94504,273,290,293,386,191,198,197,209,201
1611428233.955248,269,288,288,384,187,197,194,207,199
1611428233.96489,266,283,288,384,184,192,190,205,197
1611428233.974979,266,280,281,384,180,190,189,203,194
1611428233.985172,266,280,278,374,180,187,189,202,194
1611428233.995368,262,279,277,373,182,189,186,201,194
1611428234.005191,262,278,279,373,181,189,186,202,194
1611428234.014837,250,277,279,362,183,189,186,200,194
1611428234.024689,224,276,277,333,182,189,186,200,193
1611428234.03498,202,272,273,312,172,189,182,198,192
1611428234.045814,178,270,263,285,154,189,183,198,186
1611428234.055391,147,270,246,279,145,189,182,196,175
1611428234.064915,118,269,222,276,133,186,181,194,160
1611428234.074809,107,266,198,278,119,181,184,195,145
1611428234.085068,105,264,173,289,105,173,183,193,130
1611428234.095118,105,258,155,298,88,163,182,189,114
1611428234.105298,109,248,147,311,76,153,180,187,98
1611428234.114879,115,233,142,319,69,148,180,180,86
1611428234.125319,121,218,140,327,67,141,178,175,79
1611428234.13503,122,200,136,328,65,138,179,171,76
1611428234.145095,125,190,130,331,64,135,180,170,73
1611428234.155135,122,183,121,330,63,135,180,172,73
1611428234.165257,118,184,109,326,63,136,181,173,75
1611428234.174843,112,189,101,322,61,139,180,180,77
1611428234.184858,104,197,96,314,62,143,180,186,81
1611428234.195009,95,210,91,301,63,148,181,186,87
1611428234.205333,90,228,90,285,64,152,182,187,97
1611428234.21511,88,236,89,276,64,157,182,189,104
1611428234.224938,86,242,85,269,65,162,183,190,109
1611428234.235339,86,245,85,264,66,166,183,191,112
1611428234.245126,86,256,82,258,65,168,184,190,115
1611428234.255302,85,250,80,256,66,171,183,191,119
1611428234.26492,85,256,77,250,67,172,182,190,121
1611428234.275345,84,256,72,247,66,174,183,193,122
1611428234.285061,83,256,67,246,67,175,185,193,123
1611428234.294926,82,256,61,250,66,177,183,194,121
1611428234.304854,81,257,53,256,65,175,185,194,116
1611428234.315076,78,256,44,272,65,175,185,194,107
1611428234.325345,79,259,48,290,65,177,186,194,98
1611428234.334957,77,266,60,321,66,177,185,194,78
1611428234.345029,75,274,165,338,66,178,186,194,59
1611428234.355244,74,277,243,344,69,178,187,193,47
1611428234.365164,76,282,267,354,67,172,186,193,35
1611428234.375269,94,290,282,370,62,108,187,198,70
1611428234.385459,122,298,290,384,59,63,189,202,134
1611428234.395377,153,296,293,384,50,44,187,205,164
1611428234.405114,177,296,293,384,47,42,187,206,170
1611428234.415151,203,300,298,386,46,49,191,210,178
1611428234.425286,216,298,298,386,47,63,190,210,181
1611428234.434948,218,298,299,389,48,77,190,208,182
1611428234.444818,221,299,296,384,48,87,190,208,181
1611428234.454752,216,294,293,384,48,93,188,208,181
1611428234.464961,216,293,293,384,49,95,188,207,181
1611428234.474818,212,296,294,384,50,94,187,205,178
1611428234.485061,209,294,293,384,52,92,187,205,179
1611428234.495198,203,291,292,384,53,90,189,203,178
1611428234.50522,201,293,290,384,54,91,189,203,178
1611428234.51479,197,291,292,384,55,90,186,203,178
1611428234.524852,197,292,291,384,56,93,187,203,178
1611428234.535161,197,293,293,384,58,97,188,204,180
1611428234.54513,195,293,293,384,58,103,189,203,178
1611428234.554881,197,293,293,384,59,111,189,203,180
1611428234.565508,197,292,293,384,60,123,190,205,181
1611428234.575164,198,291,292,384,61,135,190,205,181
1611428234.585102,198,294,294,384,64,150,192,206,181
1611428234.595562,202,293,293,385,65,168,193,208,185
1611428234.605238,210,296,296,386,68,185,192,206,186
1611428234.614732,218,294,296,387,74,191,193,209,189
1611428234.625176,229,296,294,388,85,194,194,210,194
1611428234.634985,241,298,296,389,128,197,197,213,198
1611428234.644953,256,298,298,390,172,198,198,214,201
1611428234.655082,263,301,298,395,190,202,199,215,204
1611428234.665132,272,301,302,397,193,202,201,217,208
1611428234.674728,278,301,302,400,194,204,201,218,210
1611428234.68497,283,306,306,404,197,208,201,219,214
1611428234.695136,288,306,310,406,201,206,202,218,214
1611428234.705306,291,302,310,408,202,209,205,221,214
1611428234.715047,293,309,313,416,202,210,210,222,216
1611428234.725119,296,311,314,416,204,215,216,226,218
1611428234.735081,301,315,318,416,212,222,218,229,225
1611428234.745148,309,317,325,421,221,227,221,232,227
1611428234.755193,314,319,325,428,225,229,222,232,229
1611428234.765222,318,321,325,426,225,230,224,233,232
1611428234.775167,323,324,330,432,232,235,226,236,234
1611428234.78559,325,323,336,437,234,232,226,237,235
1611428234.795153,320,322,333,437,230,237,228,237,232
1611428234.804854,329,323,328,437,235,238,230,238,238
1611428234.815011,328,325,333,437,237,239,230,238,233
1611428234.825052,328,321,326,438,238,237,226,237,239
1611428234.83535,325,325,336,437,238,240,230,238,237
1611428234.844911,330,318,328,439,237,238,231,238,238
1611428234.855108,330,320,333,437,239,237,229,238,238
1611428234.86496,330,325,331,433,239,239,231,239,239
1611428234.874974,330,325,336,440,241,240,232,239,235
1611428234.885129,333,326,331,445,242,242,233,240,239
1611428234.895141,336,326,338,442,242,242,233,241,240
1611428234.905052,333,322,336,436,235,243,232,242,241
1611428234.915381,333,325,336,436,237,242,232,241,241
1611428234.92522,333,328,336,437,241,240,230,241,241
1611428234.93472,333,326,336,443,242,242,233,240,241
1611428234.945133,331,328,336,438,242,242,233,238,238
1611428234.955329,333,330,341,442,242,242,233,241,240
1611428234.965133,328,328,340,442,242,240,232,241,241
1611428234.974721,336,328,338,440,241,243,233,241,240
1611428234.985266,331,329,338,438,242,242,232,240,235
1611428234.994867,336,328,338,440,241,241,234,241,238
1611428235.004818,330,330,338,442,241,237,228,241,240
1611428235.015045,336,330,340,440,241,242,233,236,238
1611428235.024978,330,327,331,434,237,240,230,241,241
1611428235.035132,333,329,336,442,242,242,232,241,240
1611428235.045004,328,328,336,440,241,242,232,239,239
1611428235.054987,325,323,330,432,240,242,232,241,241
1611428235.065398,336,328,338,438,241,237,228,241,241
1611428235.075757,333,326,336,441,241,241,233,238,237
1611428235.085052,336,326,338,442,241,242,232,241,241
1611428235.094838,336,323,336,442,241,242,233,241,239
1611428235.104981,336,326,338,442,242,242,232,241,241
1611428235.115423,333,330,340,442,242,238,227,237,239
1611428235.125192,328,322,331,438,241,242,232,240,240
1611428235.134875,336,328,336,437,242,242,232,237,242
1611428235.145319,333,328,338,445,240,237,229,241,239
1611428235.155046,333,328,340,438,236,242,232,241,236
1611428235.165411,336,330,340,445,241,239,230,242,242
1611428235.174986,326,329,340,443,242,243,233,242,241
1611428235.184883,336,326,337,445,241,242,233,241,237
1611428235.195047,336,330,342,445,243,240,232,238,238
1611428235.204971,333,326,336,439,240,237,226,236,238
1611428235.214946,333,328,336,440,240,241,230,240,239
1611428235.225114,333,328,340,443,238,242,233,242,242
1611428235.235031,333,330,336,442,241,238,229,242,242
1611428235.245078,333,328,340,442,241,242,233,242,240
1611428235.255474,336,329,341,443,236,241,234,242,240
1611428235.264856,336,325,336,443,241,244,234,243,241
1611428235.275065,333,330,340,443,241,244,233,242,241
1611428235.285001,330,328,340,442,238,242,234,242,242
1611428235.295107,326,328,337,443,242,239,229,241,241
1611428235.304953,333,326,338,443,242,242,233,241,242
1611428235.314999,336,330,341,443,242,243,234,237,237
1611428235.325177,336,330,341,445,241,243,234,241,240
1611428235.335315,333,325,336,442,241,238,228,243,242
1611428235.345478,328,330,338,442,241,242,235,241,242
1611428235.354967,330,330,340,445,242,242,233,242,242
1611428235.365022,336,331,341,445,242,243,233,242,241
1611428235.375174,330,330,340,443,243,244,234,242,237
1611428235.385306,336,330,340,443,241,238,229,243,242
1611428235.394897,336,328,340,443,242,237,229,239,237
1611428235.405219,336,330,340,443,242,243,234,242,243
1611428235.415569,336,328,341,439,238,244,234,242,239
1611428235.424916,333,330,341,442,244,244,230,241,237
1611428235.434727,336,330,337,442,242,242,234,241,239
1611428235.445002,336,328,338,443,242,245,234,242,243
1611428235.454996,336,323,336,437,238,238,232,239,240
1611428235.465015,336,331,340,445,242,242,229,238,242
1611428235.475093,336,330,341,442,244,238,230,242,244
1611428235.485066,336,326,341,443,241,241,234,242,242
1611428235.495215,327,331,341,445,242,244,234,242,240
1611428235.504851,336,330,340,445,242,242,232,238,239
1611428235.514785,336,326,333,437,238,243,234,242,244
1611428235.524789,336,330,342,445,245,244,235,242,242
1611428235.534663,333,331,340,442,241,245,236,242,242
1611428235.54489,336,325,340,442,243,243,235,241,237
1611428235.557317,336,328,338,442,241,243,234,241,241
1611428235.568057,333,330,341,442,241,242,234,241,242
1611428235.575464,336,330,340,442,242,242,234,239,240
1611428235.585032,333,330,338,440,241,242,234,242,241
1611428235.595535,332,328,337,440,242,242,234,242,241
1611428235.605207,333,328,337,440,238,242,233,237,240
1611428235.615007,333,328,337,440,242,242,233,240,240
1611428235.625024,328,330,338,442,242,237,227,242,242
1611428235.635044,336,326,338,436,239,242,232,238,241
1611428235.6451,333,326,338,443,242,237,228,241,239
1611428235.654973,326,328,337,442,241,239,228,238,240
1611428235.665171,336,323,337,443,240,243,233,242,241
1611428235.675443,336,328,338,442,241,242,234,241,240
1611428235.68499,336,330,336,442,243,243,235,242,242
1611428235.695022,336,325,342,442,242,239,230,242,242
1611428235.705383,337,325,336,439,237,238,235,244,243
1611428235.71521,336,333,342,446,239,245,235,245,242
1611428235.724645,338,333,341,446,241,245,235,237,241
1611428235.73457,336,330,340,445,237,244,234,243,243
1611428235.744941,336,331,336,442,239,244,234,241,241
1611428235.754951,336,327,338,442,242,244,234,243,242
1611428235.76551,336,331,342,443,244,243,234,242,242
1611428235.774862,336,330,340,443,244,244,234,243,244
1611428235.785141,331,333,342,445,243,245,232,242,244
1611428235.795185,337,331,336,438,241,246,235,242,244
1611428235.805338,338,330,342,446,242,245,234,244,242
1611428235.815371,336,329,342,449,244,244,232,241,239
1611428235.825599,336,330,344,447,245,239,231,242,241
1611428235.835213,337,336,344,446,245,245,237,242,242
1611428235.845009,340,333,342,442,246,246,233,244,245
1611428235.855165,336,326,341,445,246,246,235,245,243
1611428235.864959,338,331,346,449,245,245,237,246,246
1611428235.874893,340,336,347,450,247,243,234,247,247
1611428235.884818,344,338,349,442,242,247,239,247,246
1611428235.895024,338,338,346,449,246,247,239,242,242
1611428235.904788,341,336,346,450,246,242,232,246,245
1611428235.915324,341,338,349,453,247,247,238,248,246
1611428235.925173,338,336,349,453,242,247,235,248,246
1611428235.935072,344,333,346,450,245,250,238,247,248
1611428235.94536,344,337,347,453,245,250,238,246,246
1611428235.955769,338,338,349,453,249,249,235,245,249
1611428235.965369,340,340,347,453,247,244,233,247,245
1611428235.975454,344,340,349,454,249,247,238,247,247
1611428235.985021,342,336,349,453,250,249,238,250,249
1611428235.99517,345,340,347,456,244,245,239,249,250
1611428236.004743,346,338,349,453,248,250,239,245,245
1611428236.015361,342,338,349,458,248,248,238,247,249
1611428236.025137,336,338,349,449,246,247,239,246,244
1611428236.034716,341,336,344,453,245,245,236,245,245
1611428236.044832,341,336,340,445,247,245,238,245,246
1611428236.05523,340,336,345,450,247,246,236,245,245
1611428236.065236,337,330,347,453,246,246,234,245,245
1611428236.075153,342,338,347,453,245,250,239,247,246
1611428236.084802,344,338,347,456,246,245,239,249,247
1611428236.094758,341,336,347,453,248,247,237,246,245
1611428236.10518,342,337,347,450,244,244,237,246,245
1611428236.114864,336,337,346,453,248,250,238,246,246
1611428236.125027,344,338,349,454,249,249,239,247,246
1611428236.134953,344,337,349,453,248,247,238,247,247
1611428236.144961,341,337,347,452,245,249,238,249,248
1611428236.155164,342,338,346,453,249,247,234,246,247
1611428236.165459,343,340,349,456,248,250,241,247,248
1611428236.175176,344,333,342,453,249,250,239,247,247
1611428236.185152,346,340,341,448,246,249,238,244,244
1611428236.195252,336,336,342,445,242,243,230,239,240
1611428236.205157,333,330,340,445,242,244,229,236,234
1611428236.215089,318,318,325,426,232,236,225,235,233
1611428236.225072,318,317,330,426,235,232,222,232,234
1611428236.234902,326,324,331,432,237,237,231,244,246
1611428236.245465,340,325,342,446,246,243,237,245,245
1611428236.255019,340,336,349,458,249,244,237,244,246
1611428236.26544,344,336,347,455,250,246,235,250,251
1611428236.275411,346,336,353,459,250,251,243,250,250
1611428236.2853,344,336,349,453,249,244,235,244,248
1611428236.295181,343,340,349,458,250,252,241,251,250
1611428236.305227,347,342,352,458,252,253,242,251,250
1611428236.315202,346,341,352,450,250,251,241,249,250
1611428236.325476,346,338,352,454,250,250,242,250,251
1611428236.335297,345,341,352,458,250,250,242,250,250
1611428236.344905,346,341,352,459,253,251,237,249,250
1611428236.354694,349,342,352,453,253,250,239,250,251
1611428236.365025,346,342,354,458,251,253,244,251,253
1611428236.375063,338,330,344,451,245,245,234,244,244
1611428236.385018,338,336,341,448,245,245,232,240,240
1611428236.395208,338,333,344,448,245,245,237,245,242
1611428236.405159,337,333,341,450,245,245,232,241,244
1611428236.414906,340,333,342,450,246,246,236,245,245
1611428236.424882,337,336,344,450,245,245,237,246,245
1611428236.434875,341,336,344,450,246,246,237,246,245
1611428236.445049,341,336,346,451,245,246,236,246,245
1611428236.45507,338,333,346,450,245,246,238,246,246
1611428236.464931,341,336,344,445,240,242,237,246,246
1611428236.475388,340,336,344,450,245,246,237,246,245
1611428236.485291,338,336,344,449,247,246,239,247,247
1611428236.495155,340,336,342,449,248,248,237,246,247
1611428236.505086,341,336,347,450,245,249,239,247,246
1611428236.515253,340,338,346,451,246,247,238,248,242
1611428236.525213,342,340,347,454,248,250,239,246,245
1611428236.535015,337,336,337,451,244,244,236,246,246
1611428236.545416,342,331,347,453,247,247,238,243,245
1611428236.554959,344,333,341,453,248,247,239,245,244
1611428236.565058,344,337,349,456,245,250,240,249,248
1611428236.576019,342,331,349,456,248,250,239,244,243
1611428236.58525,337,336,347,456,246,253,244,251,247
1611428236.594889,349,344,353,458,249,253,244,253,249
1611428236.605391,349,342,354,464,251,249,241,247,250
1611428236.615402,346,342,354,464,253,249,237,247,251
1611428236.625524,342,344,355,464,253,253,246,256,256
1611428236.634712,354,349,360,469,253,251,242,253,246
1611428236.645098,346,342,349,464,253,254,245,248,253
1611428236.654926,352,344,353,464,251,253,244,253,251
1611428236.665224,349,346,357,464,253,253,244,253,253
1611428236.674998,349,346,357,464,251,253,241,253,251
1611428236.684877,352,346,357,464,253,253,244,252,252
1611428236.695121,352,344,354,464,251,251,241,250,244
1611428236.705428,333,333,345,453,245,246,237,242,242
1611428236.714851,336,336,343,448,246,245,232,247,247
1611428236.725067,341,336,344,450,244,245,235,246,245
1611428236.735348,338,336,346,453,247,247,237,245,246
1611428236.745388,342,337,340,446,246,247,239,246,246
1611428236.754911,336,333,342,454,247,248,238,245,244
1611428236.76506,341,336,341,450,243,249,238,250,247
1611428236.775018,344,334,350,458,247,250,239,249,247
1611428236.784899,346,340,342,456,245,247,235,245,247
1611428236.795283,346,337,349,458,249,245,232,247,246
1611428236.805002,341,336,346,453,246,249,238,248,247
1611428236.814725,341,336,346,450,246,246,237,246,246
1611428236.825014,340,336,346,450,246,248,239,246,246
1611428236.834892,342,337,346,450,246,243,231,244,245
1611428236.844735,342,340,344,453,247,250,242,250,250
1611428236.85499,337,336,346,458,249,246,237,246,247
1611428236.865197,341,333,349,453,245,240,234,243,242
1611428236.874967,341,337,347,453,247,247,239,246,247
1611428236.884882,342,337,347,454,248,246,238,245,244
1611428236.895093,341,336,347,456,245,249,236,246,247
1611428236.904945,344,338,346,461,250,250,239,249,248
1611428236.914959,342,336,346,453,246,250,239,247,247
1611428236.924916,338,338,349,458,249,246,234,244,249
1611428236.934749,340,340,349,458,250,249,234,245,248
1611428236.945032,344,341,349,458,250,246,234,247,249
1611428236.954948,346,338,349,456,248,249,239,246,245
1611428236.964923,342,338,347,450,245,250,239,247,247
1611428236.974958,342,338,346,453,247,250,239,245,246
1611428236.985356,344,337,349,454,248,249,239,241,242
1611428236.995252,341,336,349,453,247,248,239,246,244
1611428237.00534,340,336,349,456,249,248,238,247,247
1611428237.015084,337,338,344,453,246,249,238,247,246
1611428237.024945,343,336,341,458,248,249,239,247,247
1611428237.035368,338,336,347,453,247,248,238,245,246
1611428237.045559,341,337,346,450,246,248,237,247,245
1611428237.055287,341,337,341,446,248,249,237,247,246
1611428237.065524,340,338,349,456,249,249,239,247,247
1611428237.074843,340,336,349,454,246,249,237,247,245
1611428237.085005,341,338,347,454,244,249,239,250,247
1611428237.095052,344,338,349,447,245,247,240,249,245
1611428237.105046,342,337,349,447,242,249,239,247,246
1611428237.114882,346,341,350,457,250,250,238,248,247
1611428237.125055,344,341,349,449,249,250,238,247,245
1611428237.13472,346,340,347,456,247,250,240,250,247
1611428237.144675,342,341,347,453,250,248,241,247,246
1611428237.154807,344,336,347,456,250,246,237,244,245
1611428237.164803,342,336,346,453,247,249,240,248,247
1611428237.175268,344,340,349,458,248,249,238,247,244
1611428237.185159,344,340,348,456,249,248,238,247,247
1611428237.19488,344,338,352,454,250,247,237,246,245
1611428237.205389,341,338,348,450,244,250,240,247,247
1611428237.214911,344,338,349,448,244,246,238,250,247
1611428237.22469,345,333,346,453,249,247,239,247,249
1611428237.234978,344,336,341,454,247,249,239,249,249
1611428237.245029,341,341,346,456,247,250,240,248,247
1611428237.255001,344,333,346,453,247,250,240,247,247
1611428237.26534,346,340,349,453,250,250,239,247,247
1611428237.275359,344,338,347,456,247,248,238,246,247
1611428237.285306,344,338,349,456,249,246,234,249,248
1611428237.295253,340,338,342,448,243,248,237,249,249
1611428237.305226,346,340,348,454,248,250,239,249,247
1611428237.314931,344,338,352,452,247,248,239,247,246
1611428237.324865,346,341,349,454,250,251,241,249,248
1611428237.33501,344,337,349,453,246,250,239,250,249
1611428237.345307,341,336,347,454,248,249,239,248,247
1611428237.35488,344,338,349,454,249,250,240,250,250
1611428237.364845,344,338,347,456,250,250,240,247,247
1611428237.374803,341,338,349,455,247,249,240,247,249
1611428237.384773,346,338,352,456,250,250,239,247,250
1611428237.39549,344,340,349,456,248,245,235,245,246
1611428237.40571,340,340,352,456,248,250,240,250,249
1611428237.415377,346,340,349,453,250,250,239,245,242
1611428237.425089,344,336,349,456,250,251,241,250,249
1611428237.435348,341,338,352,458,249,249,236,246,246
1611428237.445294,346,341,350,456,250,250,241,250,248
1611428237.454895,344,340,349,458,245,246,235,249,247
1611428237.464739,342,341,352,458,250,245,236,245,247
1611428237.474896,341,336,346,456,250,250,239,247,246
1611428237.484881,342,341,352,459,250,251,240,250,248
1611428237.495094,347,341,352,458,250,247,239,250,249
1611428237.504837,346,336,352,459,251,251,241,251,250
1611428237.515018,345,341,352,458,248,245,236,246,249
1611428237.524802,346,341,352,456,250,246,237,250,249
1611428237.534855,340,336,352,458,245,249,239,250,250
1611428237.544979,342,340,349,456,245,251,241,249,247
1611428237.555122,346,338,349,450,250,250,237,246,248
1611428237.565651,344,341,349,458,248,250,242,250,249
1611428237.57539,347,341,350,458,250,250,240,249,250
1611428237.584952,346,341,354,458,250,250,239,248,246
1611428237.594867,344,340,349,456,250,250,238,249,247
1611428237.604876,344,338,349,453,245,245,238,247,247
1611428237.614895,341,331,349,453,247,249,238,247,245
1611428237.62491,342,338,346,454,242,249,239,247,247
1611428237.634971,341,331,347,453,247,248,237,246,246
1611428237.644944,341,336,346,456,247,247,238,247,246
1611428237.654793,336,336,349,456,247,247,238,247,246
1611428237.664777,340,338,346,453,247,246,238,247,247
1611428237.674951,338,337,349,454,247,248,240,247,247
1611428237.6848,344,336,347,453,247,247,238,246,246
1611428237.694894,342,338,345,453,247,249,238,247,246
1611428237.704839,338,336,347,456,247,247,238,246,245
1611428237.715388,341,338,346,452,245,247,237,245,245
1611428237.725436,342,331,340,454,246,247,237,245,245
1611428237.734967,342,336,345,453,246,246,237,245,245
1611428237.744952,341,338,346,453,247,246,237,247,247
1611428237.755485,342,330,346,454,246,246,237,246,245
1611428237.765133,338,330,340,454,248,249,238,246,241
1611428237.774843,342,336,346,454,247,247,238,247,246
1611428237.784856,341,333,347,454,245,249,237,247,246
1611428237.795235,342,338,340,450,244,248,238,246,247
1611428237.804986,342,333,349,454,248,248,238,246,246
1611428237.815035,342,336,344,453,246,246,234,245,246
1611428237.825108,341,337,346,456,246,248,239,246,245
1611428237.834877,341,331,347,453,246,244,234,246,246
1611428237.845154,341,336,346,453,246,246,238,246,245
1611428237.855117,338,336,342,450,243,247,236,245,246
1611428237.865057,341,336,346,453,247,247,237,246,246
1611428237.87515,341,337,346,451,248,249,237,247,246
1611428237.885169,342,330,346,456,247,249,237,246,242
1611428237.894874,341,336,345,452,242,245,237,246,246
1611428237.904893,333,336,347,456,246,246,239,247,245
1611428237.914866,342,336,347,456,247,248,238,246,246
1611428237.924873,341,333,344,454,246,249,238,242,245
1611428237.935629,341,338,347,453,245,247,237,244,246
1611428237.94496,341,336,343,453,245,247,237,246,246
1611428237.955048,341,330,340,445,246,247,238,247,242
1611428237.964897,342,337,344,451,242,248,238,246,246
1611428237.97476,341,336,349,453,247,248,238,246,245
1611428237.984902,341,337,346,450,246,247,239,248,246
1611428237.994862,342,336,349,454,247,246,237,246,245
1611428238.004964,344,337,346,447,247,244,237,247,247
1611428238.015087,341,336,341,448,242,247,236,245,245
1611428238.025351,341,336,346,450,247,246,237,246,246
1611428238.035044,341,336,346,453,247,249,237,246,246
1611428238.045389,342,337,342,448,246,246,239,246,246
1611428238.055391,344,338,346,458,248,249,237,246,246
1611428238.06493,341,336,349,453,247,246,238,247,247
1611428238.075243,344,336,346,456,247,247,238,247,246
1611428238.08532,342,336,349,454,248,247,237,245,246
1611428238.094748,342,336,349,456,247,247,238,247,247
1611428238.10495,341,337,346,453,245,242,238,246,246
1611428238.115403,341,336,349,453,246,247,238,245,247
1611428238.125134,341,336,341,448,248,249,238,247,246
1611428238.134945,341,336,349,453,246,248,238,248,247
1611428238.145042,342,338,349,454,242,244,238,248,246
1611428238.154829,336,336,347,456,247,246,237,245,246
1611428238.164865,341,336,342,453,249,245,234,246,245
1611428238.175182,342,336,349,456,247,247,239,247,247
1611428238.184984,342,336,347,453,244,249,239,249,247
1611428238.194916,338,336,349,450,245,245,237,246,244
1611428238.205312,341,336,344,456,246,247,239,247,247
1611428238.215229,340,336,347,453,246,247,239,247,247
1611428238.224984,344,338,348,454,248,249,238,249,246
1611428238.235264,341,330,342,450,249,248,236,245,242
1611428238.245193,342,338,349,450,248,249,238,248,249
1611428238.254953,342,336,346,450,246,249,239,247,247
1611428238.265387,342,336,346,456,247,250,235,245,246
1611428238.275112,342,338,349,453,247,249,239,248,244
1611428238.284806,342,338,346,453,248,249,239,249,249
1611428238.294864,342,338,349,456,250,249,240,247,247
1611428238.304917,344,337,349,456,250,250,237,246,245
1611428238.3152,341,338,342,458,248,250,238,247,247
1611428238.324878,344,338,352,464,251,247,235,246,250
1611428238.334912,346,341,352,459,248,249,242,250,250
1611428238.345498,346,341,352,464,251,253,242,246,246
1611428238.35502,347,341,352,464,251,253,242,251,250
1611428238.365233,347,341,356,464,253,253,244,253,253
1611428238.375289,346,344,346,450,248,253,240,253,253
1611428238.385136,352,344,349,456,247,253,242,253,253
1611428238.394855,352,341,357,465,254,250,237,242,246
1611428238.405258,341,338,349,456,250,249,240,250,249
1611428238.415009,346,341,352,458,251,247,242,250,250
1611428238.425187,349,336,347,458,251,251,243,248,251
1611428238.435102,352,346,354,464,253,253,244,251,251
1611428238.444963,352,344,355,464,253,251,245,253,251
1611428238.454938,352,347,352,458,254,254,245,253,253
1611428238.464967,352,347,355,468,246,254,246,253,253
1611428238.474889,349,344,349,456,247,253,245,251,253
1611428238.485093,348,345,354,464,251,253,241,250,250
1611428238.495259,349,338,346,456,247,251,239,253,251
1611428238.505234,349,344,349,464,253,251,245,250,249
1611428238.515103,349,342,353,464,253,250,237,247,250
1611428238.525204,347,337,353,464,253,253,238,247,245
1611428238.535023,336,336,345,451,246,246,238,244,241
1611428238.545184,344,336,346,453,242,246,235,245,245
1611428238.555046,341,336,346,445,241,246,237,246,246
1611428238.565193,340,333,346,442,241,245,238,245,245
1611428238.575254,338,333,344,447,244,245,236,243,238
1611428238.585258,336,326,341,446,240,242,233,244,242
1611428238.595448,336,330,336,445,244,244,234,242,242
1611428238.605299,336,331,338,445,242,243,234,243,242
1611428238.614992,336,329,340,445,237,243,235,244,244
1611428238.624926,336,330,341,446,243,245,234,242,242
1611428238.634962,336,330,342,446,242,244,234,243,241
1611428238.645094,336,331,342,446,242,238,231,242,243
1611428238.655164,336,331,336,442,239,242,234,242,242
1611428238.665143,336,333,341,446,237,244,234,243,242
1611428238.67524,333,331,341,445,239,241,232,242,244
1611428238.684989,336,333,341,448,244,242,235,244,244
1611428238.694825,330,330,341,445,242,243,234,238,237
1611428238.704974,337,332,342,445,243,243,235,242,242
1611428238.715297,336,330,341,442,237,238,230,239,242
1611428238.725047,336,331,342,446,243,244,235,242,242
1611428238.73494,337,330,342,448,244,242,234,244,242
1611428238.745004,333,330,341,445,238,242,236,240,241
1611428238.754848,337,331,340,445,242,243,234,241,242
1611428238.765127,336,331,341,443,238,245,234,244,242
1611428238.775256,339,326,342,445,243,242,234,242,243
1611428238.785427,337,330,341,449,244,241,229,242,238
1611428238.795153,336,331,341,445,244,245,237,244,242
1611428238.805638,338,333,341,448,245,245,234,244,243
1611428238.815005,338,333,341,447,244,244,236,243,243
1611428238.82495,336,331,342,448,242,244,234,244,242
1611428238.835239,328,330,341,448,244,245,234,242,242
1611428238.845264,337,331,341,445,242,242,232,242,241
1611428238.855319,336,330,341,448,244,244,234,241,240
1611428238.865392,333,325,341,445,241,242,234,242,237
1611428238.875519,333,330,338,445,241,241,234,241,242
1611428238.885234,330,325,338,445,239,241,232,240,239
1611428238.895,331,326,337,439,238,239,229,241,238
1611428238.904836,325,330,337,442,237,239,230,241,238
1611428238.915156,325,320,328,437,234,235,225,237,234
1611428238.92538,322,325,331,436,232,232,226,235,234
1611428238.935563,318,319,326,430,228,232,224,233,232
1611428238.944849,317,319,325,429,225,229,221,233,229
1611428238.955319,311,318,325,424,222,228,221,230,229
1611428238.96521,306,318,322,421,218,226,219,229,224
1611428238.975014,299,317,318,418,212,223,217,229,222
1611428238.984885,296,314,314,416,209,219,216,226,219
1611428238.994793,290,311,314,410,205,214,214,226,218
1611428239.004982,285,310,312,410,202,213,210,222,213
1611428239.015103,282,309,309,406,198,210,208,222,212
1611428239.025019,278,309,306,406,194,206,206,219,206
1611428239.034834,272,305,304,401,190,202,202,217,204
1611428239.045482,232,305,302,394,166,199,202,212,199
1611428239.055066,192,299,301,392,145,195,197,208,197
1611428239.065001,157,296,294,385,123,191,194,207,193
1611428239.075399,141,296,294,384,102,189,190,203,185
1611428239.085542,138,296,291,384,84,181,190,202,165
1611428239.095116,142,293,289,384,75,169,190,200,144
1611428239.10497,144,293,288,384,74,160,189,199,126
1611428239.114852,143,290,285,384,71,155,189,198,110
1611428239.125112,142,290,283,384,73,155,187,197,99
1611428239.135038,135,290,282,384,73,157,188,198,93
1611428239.145116,123,288,277,372,74,162,188,198,93
1611428239.154864,115,282,270,373,78,166,187,198,95
1611428239.16547,106,283,261,368,83,175,190,201,107
1611428239.175165,102,283,242,366,90,182,189,201,119
1611428239.185277,103,282,222,357,97,186,191,205,129
1611428239.195397,104,283,203,349,101,186,193,205,135
1611428239.204788,104,285,184,337,99,189,194,206,136
1611428239.214715,102,282,161,331,97,188,192,205,133
1611428239.224848,102,282,139,328,94,188,194,205,130
1611428239.234903,101,279,120,325,88,187,193,204,126
1611428239.245493,101,278,109,325,88,186,191,205,125
1611428239.255134,97,278,101,315,84,186,193,205,124
1611428239.265263,100,277,98,314,83,186,193,203,122
1611428239.275527,98,276,93,314,81,185,193,204,120
1611428239.284931,98,276,89,315,79,185,194,204,118
1611428239.295067,94,273,85,314,75,182,192,203,114
1611428239.305133,96,277,82,322,74,184,193,203,110
1611428239.315096,93,274,80,330,73,182,192,203,103
1611428239.325179,96,274,78,344,72,181,194,203,94
1611428239.335161,95,272,77,354,70,178,192,202,85
1611428239.345375,93,272,78,365,70,177,193,202,78
1611428239.355205,96,272,78,372,69,173,191,202,74
1611428239.365069,96,273,80,384,68,172,193,202,72
1611428239.375223,96,272,80,374,68,171,193,202,69
1611428239.384859,94,276,86,384,69,171,193,203,67
1611428239.394801,95,279,105,386,67,168,193,202,61
1611428239.405036,97,290,174,394,65,165,194,203,56
1611428239.414752,104,296,256,405,65,157,195,203,46
1611428239.425004,128,309,296,416,64,139,191,198,35
1611428239.434832,154,301,301,410,61,118,191,197,33
1611428239.444625,202,312,314,416,61,88,193,203,39
1611428239.454917,248,313,317,418,58,57,190,210,80
1611428239.465226,261,314,315,416,57,44,191,214,170
1611428239.475294,269,313,318,418,58,36,189,217,195
1611428239.485355,280,314,320,416,62,34,187,221,207
1611428239.49521,283,311,317,416,69,37,189,221,210
1611428239.505148,288,312,317,417,83,47,191,221,213
1611428239.515067,288,312,317,416,96,76,189,221,213
1611428239.524932,288,312,318,416,106,112,192,221,214
1611428239.534964,288,311,315,416,111,136,192,219,213
1611428239.545479,288,312,312,410,119,152,193,222,213
1611428239.554794,283,309,313,410,122,159,191,219,213
1611428239.564689,282,310,316,408,126,161,191,219,213
1611428239.57491,283,306,314,408,126,163,190,221,213
1611428239.585193,282,309,312,404,125,162,192,219,213
1611428239.595255,282,309,315,408,123,159,189,219,213
1611428239.605233,282,310,312,406,121,154,189,219,212
1611428239.615126,278,309,314,405,117,150,189,219,211
1611428239.624919,278,309,313,406,111,139,189,218,210
1611428239.635048,276,306,312,405,105,131,189,217,207
1611428239.644693,274,309,312,406,100,121,189,216,209
1611428239.654968,272,306,312,405,92,120,190,214,208
1611428239.664927,272,308,310,406,84,123,193,214,205
1611428239.674743,269,304,310,406,75,131,191,213,205
1611428239.684915,268,308,310,407,68,153,196,214,203
1611428239.694896,266,306,309,409,68,176,194,215,204
1611428239.704863,262,305,309,416,72,192,198,217,204
1611428239.714919,261,308,310,411,81,197,202,219,205
1611428239.725598,262,309,310,416,132,202,204,221,206
1611428239.735002,267,308,309,416,174,204,205,221,209
1611428239.74501,272,312,312,416,195,208,209,224,213
1611428239.755212,277,310,314,416,200,213,210,225,217
1611428239.764907,288,316,317,416,205,214,212,226,219
1611428239.774953,296,317,320,424,208,216,213,229,221
1611428239.785318,301,317,321,424,210,218,218,230,223
1611428239.794925,304,322,328,429,213,222,221,234,227
1611428239.805095,310,326,330,432,216,229,226,238,229
1611428239.815335,317,333,336,438,226,235,227,239,237
1611428239.825136,325,333,340,445,232,238,229,242,238
1611428239.83552,333,331,342,450,236,238,232,244,242
1611428239.845225,336,338,346,453,241,244,237,246,245
1611428239.854934,340,340,349,453,242,244,237,249,246
1611428239.865536,344,340,352,464,247,244,237,247,250
1611428239.875301,347,341,354,464,248,251,241,251,246
1611428239.885127,341,340,349,459,251,250,242,246,247
1611428239.895129,349,346,352,464,251,253,241,253,250
1611428239.904736,349,342,354,468,251,251,241,250,250
1611428239.915027,349,344,353,464,251,253,243,253,251
1611428239.924686,346,344,349,461,253,253,242,250,251
1611428239.935011,342,344,353,464,251,251,242,249,250
1611428239.945232,349,344,353,464,251,251,243,251,251
1611428239.955011,347,342,356,468,253,253,243,251,253
1611428239.964894,349,341,357,469,249,250,243,251,250
1611428239.9749,346,337,346,455,247,247,237,243,242
1611428239.985217,342,338,348,458,250,251,239,250,249
1611428239.995125,346,336,352,464,250,250,237,245,250
1611428240.005044,349,344,352,464,251,250,242,250,251
1611428240.014969,352,344,357,464,246,253,244,253,253
1611428240.024953,344,341,357,464,251,253,245,246,251
1611428240.034989,349,344,354,459,246,246,244,251,251
1611428240.044993,349,341,348,454,251,251,241,250,250
1611428240.054822,349,336,349,464,253,251,242,247,244
1611428240.064869,344,338,349,458,242,246,239,247,248
1611428240.074795,342,336,349,453,249,248,238,246,246
1611428240.084736,342,330,346,456,250,249,237,249,247
1611428240.095147,346,340,350,453,251,251,241,250,249
1611428240.104913,343,336,352,459,250,250,241,250,250
1611428240.115162,347,341,352,461,250,251,244,251,253
1611428240.125503,344,340,354,464,250,251,240,251,250
1611428240.134937,346,340,352,464,251,251,241,249,250
1611428240.145083,346,341,349,461,250,250,241,250,250
1611428240.155362,345,340,350,464,250,250,239,250,250
1611428240.165324,346,338,352,464,251,251,242,250,246
1611428240.175373,345,341,352,464,251,251,241,251,250
1611428240.18531,349,344,354,464,253,252,242,251,251
1611428240.195205,342,341,353,464,253,253,245,251,247
1611428240.20512,347,344,354,469,253,253,242,247,251
1611428240.214871,346,341,354,466,253,249,244,253,251
1611428240.22501,347,338,354,468,253,253,244,253,251
1611428240.235328,341,342,352,459,239,246,237,245,245
1611428240.245393,341,336,349,464,250,248,238,246,250
1611428240.254947,346,341,349,458,249,250,241,249,246
1611428240.265001,349,342,353,464,251,251,242,251,250
1611428240.27524,346,341,352,464,251,249,237,249,250
1611428240.285129,346,342,353,461,247,253,242,253,253
1611428240.29511,349,344,353,461,248,249,240,250,250
1611428240.3052,349,330,346,450,245,245,236,245,246
1611428240.314713,342,337,352,464,249,249,242,249,249
1611428240.324607,342,341,354,464,251,251,244,253,251
1611428240.334912,345,344,354,464,251,253,244,253,253
1611428240.345459,352,344,355,464,253,253,244,251,247
1611428240.355112,352,340,354,465,249,250,244,251,250
1611428240.365211,347,338,352,453,250,251,241,250,251
1611428240.375339,349,342,352,461,251,251,236,245,245
1611428240.385036,341,333,346,458,245,244,241,250,248
1611428240.395384,340,341,352,458,249,250,242,250,250
1611428240.40525,344,338,349,465,251,253,242,253,252
1611428240.415517,349,341,354,466,251,248,237,245,251
1611428240.425132,342,338,354,466,251,253,239,247,247
1611428240.435239,346,344,352,464,253,253,242,250,251
1611428240.444834,349,344,354,464,251,251,243,251,250
1611428240.454941,344,331,346,456,245,245,236,244,242
1611428240.46498,338,333,338,448,245,244,234,244,237
1611428240.475131,331,328,341,450,244,242,235,243,242
1611428240.485017,336,330,341,446,243,243,237,244,244
1611428240.494762,338,333,343,449,244,245,237,245,246
1611428240.504932,342,338,349,454,246,247,239,247,246
1611428240.515317,338,336,349,453,245,247,239,247,247
1611428240.525175,336,337,349,456,247,249,238,249,244
1611428240.534861,344,336,347,456,247,245,237,246,248
1611428240.54524,346,340,352,456,250,249,239,249,249
1611428240.554924,346,339,347,458,250,250,239,250,250
1611428240.565165,344,341,349,456,250,250,236,245,246
1611428240.57521,347,342,346,464,250,250,239,250,249
1611428240.58487,344,340,349,458,250,250,239,247,246
1611428240.594905,346,338,348,458,248,250,240,248,250
1611428240.604977,346,340,350,459,250,246,234,245,249
1611428240.615073,341,340,350,464,250,250,239,247,247
1611428240.625327,342,341,344,450,245,250,240,248,246
1611428240.635179,344,338,350,456,249,250,238,249,248
1611428240.645143,344,338,349,453,247,247,238,246,247
1611428240.655244,344,336,349,451,245,245,239,246,247
1611428240.665181,344,340,352,459,250,250,239,249,247
1611428240.675343,346,336,348,458,250,250,240,248,245
1611428240.685161,346,340,349,458,250,250,239,248,249
1611428240.694891,346,340,352,458,250,251,240,249,250
1611428240.704888,341,340,346,453,250,251,240,249,250
1611428240.715167,347,337,352,459,250,250,242,250,250
1611428240.725297,341,341,353,464,250,250,242,250,250
1611428240.735013,346,341,352,453,249,246,238,245,246
1611428240.744964,346,341,352,458,251,250,240,250,250
1611428240.755101,346,341,349,461,250,250,241,249,247
1611428240.765522,344,338,349,459,248,247,239,249,244
1611428240.77514,345,338,352,461,250,250,239,248,246
1611428240.784952,346,341,346,464,249,249,241,250,250
1611428240.794923,346,340,353,464,250,250,240,250,250
1611428240.804913,341,340,352,456,251,249,237,247,250
1611428240.815195,347,342,352,459,250,250,242,251,251
1611428240.825257,346,340,349,464,250,250,244,251,251
1611428240.835177,347,340,344,453,246,250,241,250,250
1611428240.845312,347,342,349,461,249,251,243,251,251
1611428240.854738,349,336,352,459,251,253,242,250,249
1611428240.865092,345,336,349,461,251,251,240,250,249
1611428240.87526,346,340,349,458,248,249,241,250,249
1611428240.884961,346,341,349,459,250,251,239,249,250
1611428240.894959,338,340,349,458,250,249,239,249,247
1611428240.904714,344,338,352,459,250,249,239,248,249
1611428240.914889,337,338,349,454,247,250,235,244,248
1611428240.925081,342,336,346,458,249,246,235,246,249
1611428240.934771,341,337,344,458,250,250,240,250,247
1611428240.944896,344,341,350,454,251,250,241,248,246
1611428240.955268,346,341,349,458,250,251,240,250,247
1611428240.965118,344,337,349,458,250,251,241,250,249
1611428240.975342,341,338,352,458,250,251,241,251,250
1611428240.984972,340,341,352,458,250,246,237,247,250
1611428240.994718,347,342,352,464,250,251,241,246,250
1611428241.005355,341,342,353,464,251,253,237,251,250
1611428241.01561,349,342,352,459,249,247,238,249,250
1611428241.02478,347,333,352,464,250,245,235,245,248
1611428241.035141,347,340,352,459,250,250,241,246,247
1611428241.044928,346,341,352,459,250,249,239,244,248
1611428241.055137,346,333,349,456,248,250,240,247,249
1611428241.064841,346,338,349,459,250,250,241,247,247
1611428241.075226,344,337,352,456,248,246,237,246,245
1611428241.085004,344,338,346,458,247,249,240,249,247
1611428241.09491,343,337,347,453,244,244,237,247,248
1611428241.10513,336,336,347,459,248,248,238,247,246
1611428241.114771,344,336,349,458,248,249,234,248,246
1611428241.125061,346,338,349,458,247,249,238,249,247
1611428241.135092,344,338,347,450,249,245,240,247,248
1611428241.145272,341,338,347,458,250,247,239,249,248
1611428241.15489,344,336,344,450,249,247,239,248,247
1611428241.165326,343,336,347,458,249,249,238,249,247
1611428241.17537,344,333,350,458,247,250,239,247,245
1611428241.184934,337,336,348,461,249,248,240,250,250
1611428241.195137,346,340,349,459,249,250,241,248,250
1611428241.205196,346,341,352,458,251,251,241,250,247
1611428241.214802,347,341,349,459,250,251,242,250,250
1611428241.224897,346,340,352,458,250,251,241,246,250
1611428241.235006,347,341,352,464,251,251,240,250,251
1611428241.245284,347,342,352,464,251,251,244,251,250
1611428241.255035,346,336,346,453,250,247,241,246,247
1611428241.265251,338,340,352,458,251,251,243,251,250
1611428241.275035,346,341,352,464,253,253,242,251,251
1611428241.28482,347,341,349,458,250,251,242,250,249
1611428241.294786,347,341,352,458,251,250,241,250,246
1611428241.305446,347,341,352,461,253,251,242,250,251
1611428241.315521,342,336,347,448,246,250,240,245,246
1611428241.32482,342,338,347,450,247,248,239,250,248
1611428241.334826,342,336,346,450,245,247,239,247,242
1611428241.345129,341,337,346,450,247,247,238,246,246
1611428241.355458,342,336,346,449,249,247,238,246,247
1611428241.364832,336,336,346,450,246,247,238,245,245
1611428241.374975,341,336,346,450,246,245,238,246,246
1611428241.385304,341,333,344,450,246,245,237,241,241
1611428241.395075,341,336,346,456,247,242,232,241,245
1611428241.405211,340,330,337,454,246,246,237,245,245
1611428241.415036,341,336,343,449,244,247,237,246,245
1611428241.42513,338,331,344,454,244,246,238,246,240
1611428241.434936,340,333,346,453,247,246,237,246,246
1611428241.445114,341,336,346,456,242,243,237,246,245
1611428241.455148,341,336,346,456,246,245,237,245,245
1611428241.464992,333,333,341,456,247,246,237,247,245
1611428241.475374,340,333,346,448,242,245,237,245,243
1611428241.484968,337,336,341,448,242,245,235,246,245
1611428241.495041,338,336,344,458,246,246,238,245,245
1611428241.505166,341,336,346,458,246,245,238,246,245
1611428241.51481,341,328,346,450,246,242,232,242,245
1611428241.525043,341,336,344,450,242,246,237,245,246
1611428241.534906,341,336,346,458,247,246,234,245,246
1611428241.544928,336,336,346,458,247,247,237,245,242
1611428241.554993,340,336,346,453,246,245,235,246,245
1611428241.565156,340,336,346,450,242,245,237,246,242
1611428241.575356,341,336,346,453,246,247,237,245,245
1611428241.584983,336,328,346,456,246,246,237,245,245
1611428241.595136,340,336,344,458,241,242,237,245,245
1611428241.605443,340,336,346,458,246,245,237,245,246
1611428241.615102,341,336,346,458,245,247,236,246,245
1611428241.624836,341,336,344,453,245,246,237,246,245
1611428241.634836,341,336,346,450,245,242,233,244,245
1611428241.644857,336,336,346,457,246,246,237,245,245
1611428241.655197,333,333,338,450,241,245,237,245,246
1611428241.665375,338,333,346,453,245,246,237,245,245
1611428241.675006,341,330,344,454,246,244,237,246,242
1611428241.68475,341,336,346,453,246,246,232,239,241
1611428241.694979,331,336,344,453,245,245,236,246,245
1611428241.704994,337,336,346,450,245,245,234,245,246
1611428241.715176,338,333,341,448,244,246,236,245,241
1611428241.724905,338,333,337,445,245,245,235,245,245
1611428241.73498,333,330,336,444,240,244,237,246,246
1611428241.745137,338,330,341,452,245,242,230,242,245
1611428241.755215,338,336,346,453,240,239,236,245,241
1611428241.765255,338,333,342,452,245,245,236,244,245
1611428241.775146,336,331,344,453,241,242,235,245,245
1611428241.784913,337,333,341,453,245,245,237,244,244
1611428241.795079,337,333,336,442,239,244,235,245,245
1611428241.805085,336,331,341,453,246,241,237,245,245
1611428241.815186,336,333,344,453,245,245,235,245,245
1611428241.825562,336,331,342,448,246,245,235,245,245
1611428241.834913,336,330,342,443,242,239,233,244,245
1611428241.844922,337,330,342,453,243,244,237,245,245
1611428241.854881,336,333,342,450,242,244,234,244,245
1611428241.865064,337,330,341,450,246,245,236,244,245
1611428241.874907,333,330,341,449,245,245,237,242,244
1611428241.885429,336,328,341,453,244,244,237,245,245
1611428241.895105,336,330,340,448,245,245,229,240,245
1611428241.905147,338,333,344,450,245,245,235,244,244
1611428241.915162,336,330,342,449,245,245,237,240,239
1611428241.925073,330,331,343,448,245,245,235,244,245
1611428241.935703,336,330,340,448,245,244,237,244,245
1611428241.945093,338,331,344,448,245,245,236,245,245
1611428241.954975,337,331,344,453,246,244,236,245,245
1611428241.96475,336,333,336,445,245,245,236,244,242
1611428241.975269,336,330,342,450,245,244,236,244,245
1611428241.985337,338,333,344,448,245,244,233,242,241
1611428241.995058,337,325,341,449,245,244,236,239,243
1611428242.004988,336,331,341,450,242,244,236,244,243
1611428242.014879,337,332,341,450,244,245,237,245,244
1611428242.025095,337,331,342,449,245,245,235,245,243
1611428242.035079,336,330,342,450,244,239,231,240,242
1611428242.044904,336,330,339,446,245,245,235,243,242
1611428242.055002,336,332,342,448,245,245,234,244,242
1611428242.065052,336,331,344,450,245,245,237,243,244
1611428242.075045,336,325,338,448,242,244,237,245,244
1611428242.085519,330,333,342,448,245,241,234,244,245
1611428242.095096,338,330,338,448,245,242,234,241,244
1611428242.104794,337,330,341,446,244,244,235,244,244
1611428242.114887,336,331,341,448,245,245,234,242,245
1611428242.125512,336,330,341,448,242,243,236,239,239
1611428242.135179,330,333,341,454,244,244,235,244,242
1611428242.145264,337,330,343,450,244,238,230,244,242
1611428242.154965,336,330,341,452,245,244,236,245,244
1611428242.165103,336,326,341,448,245,244,234,243,243
1611428242.17512,331,328,341,448,244,245,235,242,244
1611428242.185046,336,328,338,451,245,245,234,244,243
1611428242.194834,336,330,341,448,244,245,235,244,238
1611428242.204821,338,333,340,448,244,245,234,244,244
1611428242.214783,337,330,342,449,245,244,234,241,242
1611428242.22504,333,330,341,446,244,243,234,244,245
1611428242.235137,337,330,342,450,244,243,236,243,243
1611428242.245187,336,333,342,448,243,238,232,244,243
1611428242.255337,337,332,344,451,242,245,234,244,242
1611428242.265258,338,330,336,445,240,244,234,243,241
1611428242.275318,336,331,343,449,245,243,235,244,238
1611428242.285434,337,325,333,448,244,244,234,243,243
1611428242.295134,336,330,340,449,242,244,234,242,242
1611428242.305239,336,331,340,449,242,242,234,243,244
1611428242.314923,338,331,341,447,241,240,234,244,242
1611428242.325188,336,331,340,449,242,242,234,241,237
1611428242.335298,334,330,341,451,242,241,231,244,243
1611428242.345207,336,330,336,445,244,243,233,239,238
1611428242.354929,336,329,340,449,243,244,234,242,243
1611428242.365043,333,330,341,449,243,244,234,243,242
1611428242.375032,336,330,336,446,242,243,234,241,241
1611428242.38503,333,325,338,448,243,237,229,242,242
1611428242.395556,336,329,338,449,243,244,229,238,237
1611428242.405175,336,327,340,446,237,242,234,244,238
1611428242.414911,333,325,341,445,242,242,234,243,239
1611428242.425122,333,329,341,445,239,244,234,242,237
1611428242.435383,336,324,338,450,239,241,234,242,241
1611428242.44526,333,329,338,448,241,238,229,241,242
1611428242.455106,336,322,336,442,242,241,232,242,242
1611428242.465153,336,330,337,445,238,239,232,241,240
1611428242.475234,333,328,338,445,241,242,234,242,240
1611428242.485358,336,329,341,443,239,242,234,244,237
1611428242.495136,336,330,341,446,242,244,233,241,243
1611428242.504904,331,328,340,448,242,244,233,242,242
1611428242.515129,336,330,338,445,242,244,234,242,244
1611428242.525414,336,330,340,448,241,242,234,243,244
1611428242.535112,336,330,333,442,238,241,234,242,242
1611428242.545283,333,330,340,448,241,244,234,242,242
1611428242.554977,336,328,336,442,241,242,233,241,240
1611428242.564877,336,330,338,446,240,243,234,242,242
1611428242.575159,336,329,337,448,242,242,234,242,242
1611428242.585045,336,327,340,445,241,244,233,242,242
1611428242.594933,336,325,341,449,242,243,234,242,241
1611428242.605066,336,330,340,448,243,242,234,242,241
1611428242.615142,336,328,337,448,242,241,232,244,242
1611428242.625376,336,329,341,450,242,239,235,244,240
1611428242.634905,333,328,341,448,239,238,229,242,242
1611428242.644951,333,330,336,445,239,242,234,242,242
1611428242.654989,336,328,340,450,243,244,233,241,243
1611428242.665473,330,330,340,450,242,242,231,241,242
1611428242.675535,336,328,340,450,242,242,234,242,242
1611428242.68554,336,331,341,451,244,242,234,241,242
1611428242.694906,333,330,340,448,242,242,233,238,237
1611428242.705078,333,325,341,448,244,242,232,243,242
1611428242.715213,333,328,338,446,242,241,234,242,239
1611428242.725334,336,330,341,448,244,242,234,242,242
1611428242.735732,333,328,338,446,240,242,235,237,238
1611428242.745329,336,331,340,450,244,242,233,241,239
1611428242.755125,336,328,337,445,242,240,229,242,242
1611428242.764991,333,326,341,447,242,241,234,242,241
1611428242.77486,333,328,341,450,244,243,233,239,237
1611428242.785382,336,329,341,448,241,244,229,237,237
1611428242.795395,333,325,338,448,244,237,235,242,242
1611428242.805484,338,330,342,446,242,242,234,241,244
1611428242.814636,336,330,341,448,237,242,234,243,242
1611428242.825217,333,328,342,451,242,242,229,238,237
1611428242.835369,336,328,341,449,242,237,230,238,242
1611428242.84517,338,331,342,448,242,242,234,243,242
1611428242.855151,336,325,342,450,244,241,229,242,242
1611428242.865364,331,330,341,452,242,242,235,242,242
1611428242.875136,336,330,337,442,239,241,234,242,242
1611428242.884977,338,331,343,456,242,239,234,242,242
1611428242.895164,336,326,336,440,237,237,233,241,242
1611428242.905489,336,330,342,449,243,244,234,244,243
1611428242.914782,336,330,338,445,244,243,234,242,242
1611428242.924874,334,328,344,448,244,242,234,241,242
1611428242.934989,336,331,341,448,242,239,227,237,237
1611428242.945053,336,325,337,445,243,242,234,242,242
1611428242.955321,330,330,336,442,237,240,233,242,243
1611428242.964851,330,328,338,446,242,241,234,241,242
1611428242.974674,336,328,336,445,244,241,233,241,241
1611428242.984902,333,330,340,450,244,242,234,242,242
1611428242.995406,336,330,340,448,244,243,233,243,241
1611428243.00508,336,330,338,442,244,243,234,242,241
1611428243.015028,328,329,341,447,242,241,234,242,242
1611428243.024868,336,330,341,448,242,244,234,242,241
1611428243.034901,336,328,333,442,242,242,234,241,241
1611428243.044873,333,329,338,448,242,244,234,243,242
1611428243.05479,336,326,340,449,244,238,227,242,241
1611428243.065184,336,330,340,445,242,242,234,238,237
1611428243.075008,336,330,338,448,242,242,233,240,238
1611428243.085002,336,330,340,445,244,242,234,241,241
1611428243.095055,337,330,341,450,242,243,233,242,242
1611428243.105056,336,333,341,443,241,239,234,242,241
1611428243.115168,338,329,342,450,242,244,234,242,242
1611428243.12526,330,329,341,451,243,241,234,242,242
1611428243.135439,338,330,341,445,241,243,234,240,241
1611428243.14547,336,322,336,443,245,243,234,242,241
1611428243.155161,336,330,341,445,242,243,232,242,241
1611428243.164842,336,329,341,448,242,244,234,243,242
1611428243.175051,336,330,341,450,243,241,234,241,240
1611428243.185168,331,330,341,447,242,242,233,242,242
1611428243.19501,336,330,338,444,242,243,234,241,242
1611428243.204998,336,328,341,445,237,242,234,238,243
1611428243.215093,330,325,336,446,241,243,234,243,244
1611428243.224934,336,330,342,448,242,241,232,242,242
1611428243.235387,333,330,340,445,242,242,234,242,242
1611428243.245185,333,330,341,450,242,239,229,237,237
1611428243.254861,331,330,342,448,242,244,234,242,242
1611428243.26477,336,330,342,448,238,237,230,241,238
1611428243.275134,333,330,340,445,242,242,234,240,241
1611428243.285031,336,330,341,446,240,241,232,240,240
1611428243.294881,336,323,336,442,242,238,233,238,239
1611428243.305023,336,330,338,442,242,241,233,242,242
1611428243.314943,333,330,341,445,241,244,233,241,241
1611428243.325109,336,330,341,445,238,242,234,242,242
1611428243.334915,336,329,340,445,241,237,229,241,241
1611428243.344759,336,328,341,450,242,238,229,240,241
1611428243.35503,336,330,340,445,242,242,235,237,238
1611428243.365509,336,329,341,446,244,244,232,239,237
1611428243.375293,333,330,338,448,242,244,234,243,242
1611428243.385491,336,331,340,450,241,242,234,238,242
1611428243.395536,336,325,340,446,237,237,234,241,241
1611428243.405288,330,325,336,445,242,244,234,242,242
1611428243.414818,333,325,339,446,243,238,229,240,241
1611428243.424959,326,328,341,447,242,243,234,243,243
1611428243.434882,336,325,340,445,244,242,229,238,238
1611428243.445202,336,330,341,442,239,242,234,244,238
1611428243.455047,336,328,336,440,242,241,233,241,242
1611428243.465074,336,330,336,438,242,242,234,241,240
1611428243.475061,333,329,340,445,241,242,234,242,242
1611428243.485152,337,331,340,448,242,242,234,239,237
1611428243.495074,333,327,340,445,243,242,233,243,244
1611428243.505302,336,329,341,442,240,239,231,237,240
1611428243.515024,336,329,338,448,241,242,234,242,241
1611428243.524784,331,322,331,437,242,241,229,237,237
1611428243.535353,336,330,341,445,241,241,233,242,239
1611428243.545027,336,325,336,441,239,241,234,241,242
1611428243.554983,328,325,336,437,237,238,233,241,240
1611428243.565103,333,326,338,445,242,242,234,241,242
1611428243.575529,329,330,342,448,244,242,234,242,242
1611428243.585898,337,331,341,445,237,237,234,242,242
1611428243.594876,336,329,338,442,243,243,233,243,242
1611428243.604839,329,325,337,446,242,242,233,241,242
1611428243.614702,333,330,336,440,237,241,229,241,242
1611428243.624834,336,330,338,440,243,243,233,242,242
1611428243.634938,336,330,337,442,239,242,234,242,242
1611428243.644993,333,328,336,446,243,244,229,238,237
1611428243.655103,333,328,340,443,242,244,233,242,242
1611428243.665455,333,328,338,445,245,244,234,244,242
1611428243.674905,336,328,340,448,243,243,233,242,239
1611428243.684812,333,322,336,445,242,242,233,242,240
1611428243.695084,331,328,338,448,244,242,229,238,241
1611428243.705369,330,325,333,445,243,241,234,243,242
1611428243.715297,329,322,333,445,238,242,234,243,243
1611428243.725456,336,330,341,450,244,238,230,242,242
1611428243.735471,336,330,341,452,244,244,234,243,242
1611428243.74529,336,330,338,449,242,243,234,243,242
1611428243.754979,329,330,341,450,244,239,230,238,238
1611428243.76485,336,325,340,448,243,237,229,239,241
1611428243.774873,336,330,341,447,241,237,231,239,242
1611428243.784827,336,329,341,449,242,241,229,241,242
1611428243.795265,337,323,341,448,244,242,234,240,239
1611428243.804819,336,322,340,446,242,242,234,242,243
1611428243.814998,330,325,341,448,242,241,233,242,242
1611428243.824978,336,330,340,446,243,239,229,239,243
1611428243.835095,333,330,340,448,243,239,234,244,242
1611428243.845418,333,328,340,446,242,242,235,244,241
1611428243.855138,328,328,337,437,242,242,233,242,241
1611428243.864936,331,328,338,443,242,242,233,242,242
1611428243.87509,328,325,341,447,242,242,229,238,242
1611428243.885145,330,330,336,440,241,241,232,242,241
1611428243.895459,326,328,336,441,238,241,233,241,241
1611428243.904973,328,326,336,442,238,239,231,239,237
1611428243.914813,326,327,332,437,234,237,231,239,238
1611428243.924802,321,322,331,434,230,234,228,237,233
1611428243.935411,314,322,328,432,229,233,224,233,231
1611428243.944892,314,318,324,429,226,228,223,234,230
1611428243.95486,308,317,320,422,221,226,221,231,228
1611428243.965094,298,314,318,416,215,225,219,230,223
1611428243.97501,298,310,314,410,209,220,218,227,221
1611428243.985058,292,309,310,406,205,214,214,223,215
1611428243.995221,283,305,306,400,200,210,209,221,212
1611428244.005365,277,304,304,395,195,207,205,218,211
1611428244.015168,273,301,293,384,190,202,202,217,206
1611428244.025216,269,298,288,384,186,200,201,215,203
1611428244.034838,256,293,280,365,183,195,198,212,200
1611428244.045016,206,288,277,308,178,193,194,209,197
1611428244.054893,162,280,272,269,165,189,190,205,192
1611428244.065231,112,279,256,269,138,186,189,202,182
1611428244.07524,99,273,217,288,121,184,186,201,157
1611428244.084991,97,270,186,308,102,179,185,197,134
1611428244.095173,97,266,164,320,85,170,181,196,114
1611428244.105298,98,261,150,333,73,160,181,193,94
1611428244.114839,100,257,146,338,66,151,180,190,83
1611428244.12478,106,256,144,346,64,146,179,189,77
1611428244.13552,109,250,141,344,64,144,180,185,74
1611428244.145469,110,250,141,353,63,143,180,186,74
1611428244.155068,110,247,139,352,63,141,178,185,74
1611428244.165073,108,246,135,349,63,143,179,186,73
1611428244.175378,104,249,128,347,63,145,178,187,74
1611428244.185134,101,250,121,348,64,148,179,189,74
1611428244.195175,97,250,109,341,63,151,179,190,76
1611428244.204997,93,256,99,340,64,154,181,190,78
1611428244.214821,91,256,90,329,66,159,181,190,83
1611428244.224993,89,256,86,320,67,165,181,194,91
1611428244.234856,88,258,82,310,68,169,181,195,98
1611428244.244731,87,259,77,301,69,171,182,194,106
1611428244.255098,87,261,70,288,72,172,182,197,110
1611428244.265435,85,264,69,288,72,174,183,198,114
1611428244.275366,86,264,65,285,74,174,183,197,114
1611428244.285182,85,265,61,285,73,175,184,198,116
1611428244.294942,84,266,58,288,73,176,183,198,113
1611428244.304833,83,268,54,293,69,175,185,199,110
1611428244.314931,82,267,52,309,69,175,183,198,101
1611428244.325391,77,272,52,331,67,175,185,198,86
1611428244.334979,77,272,53,346,66,174,183,197,78
1611428244.34503,78,279,66,358,64,173,184,198,66
1611428244.355063,78,284,133,367,62,173,183,198,55
1611428244.365018,78,285,203,368,62,170,185,197,49
1611428244.375247,77,290,256,372,62,166,184,195,41
1611428244.385236,92,294,288,384,61,145,183,193,33
1611428244.394906,144,296,292,388,56,80,181,197,49
1611428244.404731,197,298,298,392,50,44,181,202,145
1611428244.415104,232,298,301,394,50,34,178,205,178
1611428244.425253,246,298,299,390,52,39,176,208,189
1611428244.434877,250,299,300,392,56,56,175,208,194
1611428244.445048,256,298,301,391,70,87,176,209,196
1611428244.455128,256,298,298,389,81,109,177,209,197
1611428244.4653,258,301,298,389,90,124,178,211,198
1611428244.475527,260,301,298,392,101,138,179,211,199
1611428244.484883,258,298,298,392,106,145,177,212,200
1611428244.494932,261,301,298,389,111,153,179,210,200
1611428244.505187,264,301,298,389,116,157,181,211,198
1611428244.515007,261,301,298,389,117,160,181,211,200
1611428244.524855,264,301,298,386,116,161,181,210,200
1611428244.534978,261,299,296,389,117,163,181,210,201
1611428244.544998,262,298,298,389,117,164,180,211,200
1611428244.554939,260,299,298,389,117,164,180,212,200
1611428244.565171,261,299,296,389,114,168,182,211,201
1611428244.574989,259,298,296,389,111,168,182,211,201
1611428244.585211,261,301,297,390,107,170,182,211,200
1611428244.594774,261,298,297,386,104,167,182,210,200
1611428244.605064,258,299,302,394,100,171,185,212,202
1611428244.615084,261,298,301,394,94,171,184,211,202
1611428244.625093,261,299,302,395,87,175,187,213,202
1611428244.635089,261,298,301,397,86,177,190,211,201
1611428244.644935,261,298,301,400,82,182,191,212,198
1611428244.654937,264,300,304,404,83,189,194,214,201
1611428244.665086,266,301,304,406,112,193,198,216,202
1611428244.675134,266,304,305,406,168,197,200,218,206
1611428244.685122,267,302,306,406,186,201,202,219,210
1611428244.695057,274,305,306,406,190,205,202,219,212
1611428244.705043,282,306,309,405,194,205,205,221,213
1611428244.714772,288,308,314,416,198,208,207,222,214
1611428244.72483,290,310,312,417,202,212,212,225,217
1611428244.735157,296,313,317,419,205,218,218,229,221
1611428244.745185,298,317,320,421,210,224,219,233,226
1611428244.755046,308,321,325,426,221,228,221,232,229
1611428244.765111,314,319,330,433,225,229,224,234,232
1611428244.774952,317,322,330,438,228,232,226,236,234
1611428244.784922,318,328,336,442,232,235,228,238,236
1611428244.795026,325,330,336,445,235,237,230,239,239
1611428244.804989,330,326,338,445,237,238,231,241,238
1611428244.814784,331,324,330,442,239,239,233,241,241
1611428244.82512,330,330,338,450,241,242,231,241,237
1611428244.834848,336,330,341,448,241,241,232,240,239
1611428244.844811,332,328,336,442,237,241,234,242,240
1611428244.85476,336,328,340,449,242,242,234,237,237
1611428244.865021,330,328,336,442,241,241,234,237,237
1611428244.875045,336,330,336,446,240,242,234,241,241
1611428244.885126,336,330,341,451,244,242,234,241,242
1611428244.89527,336,330,340,450,243,243,234,242,241
1611428244.905029,330,326,338,450,242,237,228,237,242
1611428244.914883,325,330,338,450,242,242,233,241,241
1611428244.924891,336,325,340,450,238,240,233,242,237
1611428244.935096,336,325,341,450,244,240,231,241,240
1611428244.945387,336,330,340,449,242,243,234,241,240
1611428244.955315,328,323,336,449,242,242,233,242,240
1611428244.964919,336,328,341,450,242,242,234,242,242
1611428244.975171,330,325,340,450,238,244,234,241,239
1611428244.985041,336,328,338,446,242,239,229,240,242
1611428244.994857,333,330,340,449,241,242,234,243,237
1611428245.005017,336,325,336,450,242,242,229,242,242
1611428245.014736,336,328,336,449,241,239,233,241,242
1611428245.02487,336,331,338,448,241,242,234,241,241
1611428245.035063,336,328,338,448,240,240,233,242,235
1611428245.04529,336,331,341,449,242,241,234,241,242
1611428245.055046,336,330,341,449,242,237,229,239,238
1611428245.064929,336,330,340,450,240,242,232,241,241
1611428245.074715,333,328,341,450,244,242,234,239,239
1611428245.085112,336,328,338,445,242,242,234,239,240
1611428245.095177,333,330,338,448,242,242,234,242,240
1611428245.105315,336,333,340,449,242,242,234,242,242
1611428245.115465,333,329,341,446,242,242,233,241,242
1611428245.125175,336,329,331,440,242,242,233,239,239
1611428245.13519,333,328,336,446,237,240,230,242,242
1611428245.144799,336,330,339,450,241,237,229,242,241
1611428245.154862,336,330,341,446,241,237,228,241,241
1611428245.165047,333,325,341,449,241,241,234,242,240
1611428245.174712,328,330,340,449,241,239,228,238,240
1611428245.184925,333,326,338,445,241,240,232,238,237
1611428245.195123,331,328,338,441,236,236,230,240,239
1611428245.205051,325,328,337,445,240,241,233,239,241
1611428245.214741,333,322,333,443,242,240,233,239,240
1611428245.22474,333,326,337,448,242,241,232,240,241
1611428245.235082,336,330,340,448,241,242,233,242,241
1611428245.245201,336,328,340,450,242,241,233,239,237
1611428245.255147,329,328,341,451,242,242,232,240,240
1611428245.265207,330,331,341,453,242,242,232,241,242
1611428245.274937,328,327,341,449,243,239,230,237,237
1611428245.285026,336,328,341,447,237,243,234,241,241
1611428245.294937,336,322,341,446,242,241,232,242,241
1611428245.304868,333,323,341,453,241,243,233,241,241
1611428245.315083,336,330,340,450,243,242,233,242,242
1611428245.325142,337,330,341,450,244,241,231,239,242
1611428245.334862,337,333,342,449,238,239,230,237,237
1611428245.345066,333,331,337,441,239,242,232,241,241
1611428245.355208,336,326,338,442,237,242,233,242,238
1611428245.365354,336,329,338,449,242,243,233,241,242
1611428245.375412,330,324,336,448,241,241,232,240,239
1611428245.385124,336,324,336,452,241,242,233,241,241
1611428245.394813,333,330,341,448,239,239,232,242,242
1611428245.404922,330,330,340,450,242,243,233,242,241
1611428245.414709,328,330,341,450,241,239,229,238,240
1611428245.425079,330,328,340,449,242,238,229,241,241
1611428245.43531,336,328,336,453,242,239,232,240,239
1611428245.445039,333,323,336,442,243,242,234,241,241
1611428245.455111,333,328,338,440,237,242,234,241,242
1611428245.465234,333,328,338,445,242,241,234,240,239
1611428245.474885,333,327,341,449,242,242,234,241,241
1611428245.484896,336,330,340,448,241,241,234,241,237
1611428245.495261,336,330,340,448,242,242,233,242,240
1611428245.505466,331,326,333,445,239,242,233,241,241
1611428245.515254,333,328,338,448,239,242,233,241,241
1611428245.525451,338,330,341,445,238,239,232,240,241
1611428245.53482,337,327,338,446,242,242,234,242,240
1611428245.545006,330,330,341,450,242,240,232,241,242
1611428245.555271,336,330,341,445,237,242,234,242,239
1611428245.565127,337,333,341,450,242,243,234,242,242
1611428245.574947,336,331,338,448,242,242,233,241,240
1611428245.585027,336,332,341,453,242,240,229,242,242
1611428245.595138,336,330,338,445,238,242,233,241,242
1611428245.605142,338,333,340,449,240,242,233,242,236
1611428245.614804,336,332,341,445,239,242,233,241,240
1611428245.62512,338,333,341,449,242,242,234,241,241
1611428245.635001,336,329,341,449,241,239,228,238,240
1611428245.644742,328,331,342,449,241,242,234,241,241
1611428245.655256,337,330,341,446,241,239,230,243,241
1611428245.665708,330,330,341,445,242,241,232,241,242
1611428245.675342,337,330,341,445,242,244,234,237,237
1611428245.685359,336,331,341,448,242,243,233,242,241
1611428245.694957,336,330,341,447,242,237,229,241,240
1611428245.704918,336,330,341,445,242,243,233,242,242
1611428245.714946,336,330,340,445,240,243,233,242,237
1611428245.725107,336,328,340,445,242,243,234,241,241
1611428245.735072,333,330,336,442,242,242,233,241,241
1611428245.745068,333,328,340,442,242,238,229,240,241
1611428245.755217,336,329,340,442,242,239,229,242,241
1611428245.764979,330,326,333,434,244,242,234,239,238
1611428245.775079,333,330,341,447,242,241,234,240,242
1611428245.785425,333,328,340,446,242,242,233,241,241
1611428245.795176,331,331,342,445,244,242,233,241,239
1611428245.805116,336,325,336,443,243,242,234,242,241
1611428245.81508,331,331,342,440,238,244,234,241,237
1611428245.825608,336,327,336,441,237,241,233,242,241
1611428245.835018,336,323,342,445,242,242,234,240,239
1611428245.844853,336,322,340,443,242,241,234,242,242
1611428245.854699,330,326,340,440,242,241,234,242,240
1611428245.864836,333,328,338,442,241,241,232,242,241
1611428245.875081,336,330,339,443,242,242,232,239,240
1611428245.885147,336,329,336,437,237,241,234,239,241
1611428245.895262,331,330,340,445,242,240,229,238,241
1611428245.905423,333,330,341,445,242,242,234,241,241
1611428245.915194,336,330,341,445,242,242,234,242,240
1611428245.925296,333,330,337,443,241,241,233,242,242
1611428245.935389,336,330,340,445,244,242,235,237,237
1611428245.945247,337,331,333,438,238,242,234,242,242
1611428245.955135,336,328,341,445,243,237,229,239,240
1611428245.965273,336,330,341,445,242,242,234,240,241
1611428245.97513,337,328,338,443,242,237,228,238,243
1611428245.985344,330,330,341,445,242,244,234,243,241
1611428245.995252,336,330,340,443,242,241,233,241,242
1611428246.004856,336,330,338,445,242,242,232,241,241
1611428246.014811,336,330,341,440,238,238,234,241,239
1611428246.024989,336,330,341,448,243,244,234,242,242
1611428246.034944,336,330,340,443,242,241,234,237,237
1611428246.045029,330,328,340,445,241,241,232,242,241
1611428246.054802,336,329,340,445,243,242,234,242,241
1611428246.065103,331,330,340,442,239,238,232,241,241
1611428246.075299,329,330,341,445,242,241,234,242,239
1611428246.085231,336,329,341,445,238,237,235,243,239
1611428246.095001,337,325,336,440,242,241,234,241,241
1611428246.105128,333,330,341,445,243,242,232,240,241
1611428246.114934,336,328,340,443,242,237,234,242,242
1611428246.124885,336,326,340,443,242,237,229,242,242
1611428246.135182,336,330,338,443,238,242,234,242,242
1611428246.145332,336,330,340,445,238,242,234,242,238
1611428246.155272,333,330,338,443,242,242,233,242,242
1611428246.16521,336,330,341,446,244,240,234,239,238
1611428246.175532,336,331,333,442,238,242,233,241,242
1611428246.184965,333,325,341,446,243,242,234,241,240
1611428246.194859,336,328,336,437,242,242,234,241,241
1611428246.205269,336,328,338,442,242,242,231,243,242
1611428246.215279,336,325,333,442,243,243,229,239,241
1611428246.225383,331,325,337,445,242,241,232,243,242
1611428246.235323,336,326,341,445,242,243,233,242,242
1611428246.244855,336,330,341,442,242,241,234,240,242
1611428246.25473,333,325,338,445,241,242,234,238,241
1611428246.265206,336,328,341,443,242,242,234,242,242
1611428246.275019,336,328,340,437,238,241,232,243,242
1611428246.284754,336,330,340,445,242,243,234,240,240
1611428246.294849,336,328,340,443,242,242,232,241,242
1611428246.304959,336,328,337,440,244,242,234,242,241
1611428246.314938,336,330,340,444,244,242,234,241,241
1611428246.325085,336,325,338,443,242,238,234,242,242
1611428246.334958,336,330,340,441,242,242,234,241,242
1611428246.344845,336,330,336,436,244,242,234,242,242
1611428246.354898,333,330,337,437,242,242,234,242,242
1611428246.365047,333,325,340,442,244,237,229,237,241
1611428246.375373,333,330,341,442,243,242,233,242,242
1611428246.385312,333,329,340,442,242,241,230,241,242
1611428246.395094,330,322,340,440,241,240,234,242,242
1611428246.404949,336,328,340,442,241,239,232,241,240
1611428246.414777,336,328,338,443,242,242,234,242,241
1611428246.425312,333,325,340,436,239,240,232,239,241
1611428246.435575,336,328,340,442,242,242,230,241,242
1611428246.444953,326,329,341,439,241,240,234,241,237
1611428246.455157,336,328,341,443,244,243,234,239,237
1611428246.465105,336,328,338,439,241,243,234,237,237
1611428246.47517,336,330,338,445,242,244,234,242,243
1611428246.485138,336,330,340,442,243,244,234,239,238
1611428246.494829,333,327,341,442,243,238,232,239,241
1611428246.504816,333,328,341,440,241,240,230,243,242
1611428246.514815,336,330,341,442,242,243,234,241,242
1611428246.52523,336,328,341,442,244,243,234,242,242
1611428246.535238,336,331,341,440,242,242,234,242,243
1611428246.545154,336,330,337,438,241,242,232,242,241
1611428246.555219,331,330,340,434,238,238,233,241,241
1611428246.565107,331,330,338,438,238,239,232,242,240
1611428246.574934,328,326,337,442,242,242,234,242,242
1611428246.58515,333,328,336,437,242,242,234,242,242
1611428246.595353,330,328,341,443,243,242,230,239,240
1611428246.605184,336,328,341,440,241,237,229,238,241
1611428246.61502,336,328,338,443,242,241,234,242,241
1611428246.625403,336,330,338,442,243,242,233,242,237
1611428246.635268,336,328,341,443,242,242,234,243,242
1611428246.645248,336,329,340,442,242,244,234,243,242
1611428246.655194,336,330,341,443,244,242,234,242,236
1611428246.66518,331,330,336,438,242,242,234,242,242
1611428246.675071,333,328,340,442,242,242,231,240,242
1611428246.685278,333,328,339,445,242,243,234,241,241
1611428246.69483,336,325,336,439,239,242,234,241,242
1611428246.70507,336,330,341,445,245,244,234,241,241
1611428246.715294,336,330,341,442,242,237,228,239,241
1611428246.72527,330,330,341,444,243,237,228,241,241
1611428246.735404,336,328,341,445,239,243,233,243,242
1611428246.744948,336,330,340,442,241,242,234,242,242
1611428246.75487,336,325,338,445,243,242,234,242,242
1611428246.764773,336,330,333,436,237,242,233,242,242
1611428246.774868,330,330,340,442,244,242,234,242,241
1611428246.785245,336,330,336,437,244,243,235,242,243
1611428246.795119,336,330,336,438,238,242,232,242,241
1611428246.805221,330,330,342,445,243,242,234,242,241
1611428246.814915,336,329,341,443,243,244,234,242,237
1611428246.824769,333,328,340,442,242,241,232,241,242
1611428246.835001,336,329,340,442,243,244,234,243,242
1611428246.845235,336,324,341,445,243,242,234,242,242
1611428246.855013,336,330,341,442,242,238,229,241,241
1611428246.86486,336,328,333,433,244,242,228,238,238
1611428246.87498,336,328,337,442,242,241,233,242,240
1611428246.885138,330,328,333,440,242,242,233,242,241
1611428246.895747,336,330,341,443,242,238,230,243,242
1611428246.905353,333,330,340,440,243,242,233,242,242
1611428246.915123,333,324,333,437,241,244,233,241,238
1611428246.924968,330,330,338,439,241,242,234,243,242
1611428246.934961,336,330,341,442,242,238,229,239,241
1611428246.945201,333,325,336,437,242,242,232,241,239
1611428246.954742,336,329,340,442,244,243,234,243,241
1611428246.965123,330,328,339,434,238,241,233,240,241
1611428246.974882,333,330,338,439,242,244,234,242,242
1611428246.984885,336,326,337,440,242,242,234,241,239
1611428246.99536,333,325,340,442,243,243,234,244,241
1611428247.005325,330,328,339,438,241,241,233,241,241
1611428247.015326,333,326,336,438,242,242,235,242,243
1611428247.024833,336,328,338,437,243,242,234,243,242
1611428247.034877,336,330,338,434,239,241,234,243,242
1611428247.045297,333,330,341,440,241,237,229,237,240
1611428247.054956,336,329,341,439,241,241,229,242,242
1611428247.064872,333,330,340,440,244,242,234,241,240
1611428247.074593,336,330,340,442,239,242,233,242,242
1611428247.084689,333,328,341,442,242,244,234,242,242
1611428247.095106,336,330,333,433,238,242,234,242,241
1611428247.104786,333,330,341,440,238,242,234,242,241
1611428247.115132,336,330,341,442,242,239,228,244,242
1611428247.124985,336,325,336,434,239,242,234,242,240
1611428247.134957,336,330,341,442,242,241,233,242,242
1611428247.14531,336,331,341,442,242,242,234,242,243
1611428247.154789,336,325,336,434,242,239,234,239,242
1611428247.164914,337,330,340,442,242,240,229,239,237
1611428247.175229,336,330,337,443,237,242,234,242,242
1611428247.184771,330,326,336,446,243,242,234,241,242
1611428247.195112,337,330,342,445,242,243,234,242,242
1611428247.205568,336,325,341,443,243,241,232,239,238
1611428247.215306,336,325,336,442,239,243,233,242,242
1611428247.225568,338,333,342,442,241,242,234,242,241
1611428247.234937,336,331,336,437,238,242,230,243,242
1611428247.244799,331,330,341,445,242,243,234,242,242
1611428247.254899,336,336,341,446,243,242,235,241,242
1611428247.265367,338,331,342,446,245,242,234,241,242
1611428247.275185,337,331,342,445,242,242,234,242,241
1611428247.284665,336,330,342,443,242,242,234,242,237
1611428247.294951,338,333,340,448,242,237,235,242,240
1611428247.305112,338,331,341,447,241,240,234,242,241
1611428247.314953,336,333,342,446,242,242,234,242,241
1611428247.324839,338,330,341,446,243,237,230,242,242
1611428247.335074,336,331,342,445,242,242,234,242,242
1611428247.345119,331,330,342,448,242,242,234,242,240
1611428247.355188,338,328,341,449,243,243,234,243,242
1611428247.36489,336,333,341,449,242,242,233,238,242
1611428247.375088,336,330,341,442,242,242,234,242,241
1611428247.385388,330,330,343,447,244,241,234,241,240
1611428247.395653,333,330,342,442,244,241,232,241,240
1611428247.405076,337,331,342,445,243,244,235,244,242
1611428247.415535,336,326,341,445,244,241,232,242,242
1611428247.425206,337,330,342,446,242,242,234,242,242
1611428247.434966,336,333,341,446,242,244,234,243,243
1611428247.444925,333,330,341,450,242,242,233,241,242
1611428247.455493,336,331,341,447,242,243,233,242,241
1611428247.465085,330,330,341,449,243,243,234,242,239
1611428247.475123,338,330,340,449,244,237,229,239,241
1611428247.48513,336,331,341,449,242,241,229,242,242
1611428247.495217,338,333,341,447,241,240,230,238,241
1611428247.505108,338,328,342,452,243,244,234,244,243
1611428247.515123,338,329,338,448,242,242,234,242,242
1611428247.52503,337,331,342,453,242,242,233,242,242
1611428247.535004,336,329,341,450,242,241,233,242,243
1611428247.545167,336,330,341,446,241,241,230,242,238
1611428247.554854,336,333,344,446,244,242,235,243,242
1611428247.565195,336,330,342,450,242,242,234,242,242
1611428247.575285,336,330,341,447,242,244,234,242,243
1611428247.58501,337,330,343,452,242,242,234,244,237
1611428247.594664,338,331,341,449,242,242,231,241,243
1611428247.605189,336,333,342,453,244,244,234,239,239
1611428247.615201,337,331,342,449,244,237,230,242,241
1611428247.625292,337,333,342,450,244,243,235,243,239
1611428247.635112,340,333,340,445,239,242,230,242,242
1611428247.645101,338,331,342,449,240,242,234,244,242
1611428247.655096,330,331,344,450,242,242,234,238,242
1611428247.665276,338,333,344,450,243,245,234,244,242
1611428247.674712,337,333,341,451,241,243,234,242,242
1611428247.685177,331,336,344,450,241,244,234,242,243
1611428247.695202,338,333,344,450,242,242,229,237,242
1611428247.705456,336,333,338,443,237,237,234,244,242
1611428247.715241,338,330,344,453,244,238,229,237,240
1611428247.724968,338,331,344,451,244,244,235,242,241
1611428247.734708,333,328,341,453,242,244,234,244,242
1611428247.7449,340,336,346,453,244,243,234,238,238
1611428247.755167,341,338,346,458,242,239,229,242,242
1611428247.765203,342,333,344,450,244,243,234,238,237
1611428247.775314,338,336,342,450,243,242,233,242,241
1611428247.785256,340,325,344,453,242,242,234,244,242
1611428247.795288,341,331,344,453,242,243,234,242,241
1611428247.8051,341,330,342,450,242,244,234,243,242
1611428247.814943,336,331,344,450,243,242,229,242,242
1611428247.825108,338,333,338,443,244,242,234,241,244
1611428247.835109,337,336,344,450,239,244,234,244,242
1611428247.845301,331,331,341,453,238,238,232,242,242
1611428247.854855,338,333,344,450,243,243,234,238,238
1611428247.865089,336,333,341,450,243,244,235,242,241
1611428247.875166,340,331,342,449,242,242,234,243,241
1611428247.885133,337,333,341,448,241,243,234,241,237
1611428247.895334,338,333,344,448,243,244,234,242,241
1611428247.905246,337,333,344,450,244,244,235,243,241
1611428247.915259,337,333,338,450,242,243,229,238,241
1611428247.924954,338,331,341,446,244,240,232,242,242
1611428247.934857,338,331,340,445,242,242,234,242,243
1611428247.945055,338,331,342,453,242,242,234,244,242
1611428247.954778,337,331,344,453,242,243,234,242,242
1611428247.964782,336,336,342,446,244,244,235,242,242
1611428247.97478,338,328,342,446,242,243,234,242,242
1611428247.984775,337,330,342,446,242,241,234,244,242
1611428247.995361,336,330,341,450,244,242,234,244,242
1611428248.005356,333,326,344,449,243,244,234,242,237
1611428248.014847,336,331,344,445,244,244,234,244,242
1611428248.02507,336,333,341,445,239,243,234,242,242
1611428248.035184,336,331,342,446,239,242,234,243,242
1611428248.045081,340,333,342,437,238,242,234,242,241
1611428248.054748,331,330,341,445,244,238,232,242,242
1611428248.064872,333,328,340,445,242,243,234,242,242
1611428248.07484,336,330,340,445,241,242,235,244,243
1611428248.084825,340,336,342,445,242,242,234,242,242
1611428248.094688,338,330,341,448,241,244,229,242,242
1611428248.104698,337,333,342,449,243,242,235,242,243
1611428248.115009,338,328,342,446,242,244,234,244,243
1611428248.12517,336,331,341,443,242,244,235,242,241
1611428248.135248,330,330,346,445,244,242,235,243,238
1611428248.144992,338,336,341,443,243,243,234,242,242
1611428248.155066,336,333,342,448,244,242,234,239,240
1611428248.165018,341,336,346,447,244,243,234,242,241
1611428248.175075,340,333,341,443,241,243,234,244,242
1611428248.185359,338,328,337,442,242,243,234,242,243
1611428248.194995,336,336,344,448,244,244,234,243,242
1611428248.204899,337,333,341,445,241,244,234,242,243
1611428248.215125,338,330,342,449,243,238,230,242,242
1611428248.22502,340,336,343,445,244,244,229,241,242
1611428248.234801,337,336,349,448,242,243,234,243,242
1611428248.244822,341,336,338,440,244,242,234,239,237
1611428248.254841,342,337,350,456,244,237,230,239,241
1611428248.265169,345,338,347,453,244,243,234,243,243
1611428248.275141,344,336,352,456,242,243,233,238,241
1611428248.2854,344,341,349,453,244,244,229,239,242
1611428248.295125,345,336,347,451,243,241,231,241,241
1611428248.305165,343,338,349,456,242,243,234,242,237
1611428248.315102,345,338,349,449,242,239,228,239,237
1611428248.325527,344,338,349,449,242,243,232,242,241
1611428248.335186,346,338,349,453,244,243,234,239,241
1611428248.345063,336,341,349,454,244,242,234,242,242
1611428248.355173,336,341,352,456,244,244,234,242,242
1611428248.364805,346,338,349,453,244,244,234,242,242
1611428248.374851,344,336,347,453,243,242,235,243,242
1611428248.385301,347,340,349,453,242,242,234,242,242
1611428248.395614,344,336,347,456,242,238,229,242,242
1611428248.404932,344,337,349,453,242,239,234,242,241
1611428248.415034,344,337,350,453,238,244,235,238,241
1611428248.424918,342,340,349,456,241,244,235,243,238
1611428248.435029,344,333,342,458,244,244,234,242,242
1611428248.44513,346,342,352,453,242,243,229,237,242
1611428248.455117,346,340,350,453,243,238,230,238,240
1611428248.465201,342,338,352,454,243,242,234,242,242
1611428248.475098,344,341,350,453,244,242,234,242,244
1611428248.485223,344,341,349,456,242,242,234,242,241
1611428248.495066,346,341,353,457,244,243,234,244,242
1611428248.505252,341,338,350,456,242,241,230,244,242
1611428248.515234,340,337,352,456,243,241,231,242,242
1611428248.525008,346,338,350,454,244,242,234,242,241
1611428248.535116,346,338,350,456,238,243,234,242,242
1611428248.545015,344,338,352,456,243,244,234,243,242
1611428248.555118,346,338,352,457,238,242,234,244,242
1611428248.56496,337,336,348,453,243,243,228,238,243
1611428248.575234,342,338,347,453,239,242,233,242,241
1611428248.585355,346,338,352,453,238,238,234,243,241
1611428248.595161,340,336,346,453,244,242,233,242,242
1611428248.604911,344,338,350,456,241,242,231,241,242
1611428248.615243,345,338,349,458,245,244,235,242,242
1611428248.625219,346,341,345,449,238,242,232,244,244
1611428248.635321,345,340,350,456,242,242,235,242,241
1611428248.645144,346,341,349,453,244,242,235,239,240
1611428248.655169,346,340,349,458,242,243,234,243,242
1611428248.664916,340,338,347,456,242,241,229,243,244
1611428248.674839,346,336,342,446,244,242,234,242,241
1611428248.685136,344,336,346,458,242,243,234,243,242
1611428248.695302,344,338,349,458,242,242,234,243,242
1611428248.705318,342,333,344,453,244,242,234,242,241
1611428248.715155,342,337,349,454,241,239,231,242,243
1611428248.724899,346,340,349,458,243,243,234,242,240
1611428248.73489,346,341,352,459,244,242,235,241,241
1611428248.745098,344,337,349,459,244,242,234,238,237
1611428248.755059,344,341,349,458,243,242,233,243,242
1611428248.765105,345,338,350,458,243,242,234,242,242
1611428248.774943,341,338,351,457,243,240,230,238,237
1611428248.785082,346,341,350,461,243,242,232,242,242
1611428248.795222,342,341,350,459,242,242,234,239,240
1611428248.805303,344,337,350,456,242,242,234,241,241
1611428248.815299,341,336,349,453,241,238,230,241,241
1611428248.824989,337,336,347,453,239,239,232,240,240
1611428248.835102,336,336,346,449,237,239,230,241,238
1611428248.845398,333,336,344,448,234,235,229,238,235
1611428248.855419,330,336,340,445,232,234,228,236,234
1611428248.865148,328,330,338,438,229,231,225,234,232
1611428248.874892,325,330,336,442,226,229,223,232,228
1611428248.885489,320,325,333,436,223,228,220,232,227
1611428248.895039,314,325,326,429,216,227,219,230,225
1611428248.904734,308,322,325,424,212,221,218,228,222
1611428248.915312,298,320,323,418,207,217,215,225,217
1611428248.925,290,314,317,416,202,212,211,223,213
1611428248.935025,283,312,312,416,195,208,206,219,208
1611428248.94544,281,310,308,410,192,203,202,215,202
1611428248.954789,269,308,306,408,186,197,199,213,201
1611428248.964769,219,304,305,402,154,194,195,206,197
1611428248.975028,175,304,302,392,123,189,191,205,192
1611428248.985274,160,299,296,389,85,174,187,202,168
1611428248.995119,165,299,293,389,70,151,186,198,134
1611428249.004752,174,297,288,384,67,130,183,194,97
1611428249.014898,186,294,282,384,64,107,180,189,77
1611428249.025025,200,290,280,384,66,87,174,177,69
1611428249.035093,209,290,282,388,70,78,173,161,67
1611428249.045049,221,288,277,387,74,72,170,142,63
1611428249.054998,222,285,277,386,77,70,168,131,62
1611428249.064978,226,282,273,384,76,66,166,122,60
1611428249.075087,221,278,272,384,76,68,168,119,58
1611428249.085076,215,274,267,384,75,69,169,121,56
1611428249.095109,211,272,266,384,73,70,170,122,55
1611428249.105069,205,266,261,384,70,72,171,125,55
1611428249.115074,202,262,258,384,68,73,171,131,55
1611428249.125048,192,256,247,384,65,75,172,138,55
1611428249.135159,182,250,229,384,62,80,171,149,55
1611428249.145074,171,249,199,375,60,86,172,157,54
1611428249.154694,161,246,166,374,59,94,174,166,56
1611428249.164982,150,248,135,372,58,101,173,173,56
1611428249.175154,142,250,109,373,58,109,176,180,58
1611428249.185293,131,256,93,370,57,114,176,183,58
1611428249.195766,125,256,82,370,56,119,175,187,58
1611428249.205177,117,257,78,366,57,124,177,187,59
1611428249.215033,107,257,72,365,57,129,179,189,60
1611428249.225083,100,261,71,365,55,132,178,190,61
1611428249.235162,96,264,67,362,57,134,178,191,62
1611428249.245186,93,265,68,360,57,137,179,191,62
1611428249.255504,90,266,68,360,58,138,178,192,63
1611428249.26533,91,265,67,357,57,139,178,193,63
1611428249.275125,91,266,67,360,55,140,180,193,62
1611428249.285677,91,267,68,362,57,138,180,192,59
1611428249.29502,93,272,74,369,56,136,179,191,57
1611428249.30521,99,285,134,384,55,134,181,190,50
1611428249.31522,110,298,256,385,56,127,178,192,40
1611428249.324765,128,299,282,385,54,120,181,189,34
1611428249.334856,157,302,296,392,55,102,181,190,33
1611428249.345096,197,305,304,397,53,70,179,194,46
1611428249.355197,229,309,304,397,52,50,179,200,123
1611428249.36522,241,306,302,394,51,39,177,204,173
1611428249.375094,250,306,302,390,53,37,176,205,181
1611428249.385305,256,305,304,395,55,41,177,206,187
1611428249.395487,256,304,301,394,62,47,177,208,190
1611428249.405498,259,308,301,394,71,69,178,208,194
1611428249.414683,262,309,304,394,79,94,179,210,195
1611428249.424758,265,306,304,394,86,115,180,210,197
1611428249.435125,262,306,302,392,93,131,181,212,197
1611428249.445117,266,308,302,392,98,141,180,210,197
1611428249.455312,269,308,304,392,102,151,181,211,198
1611428249.465024,266,308,301,390,105,157,181,211,198
1611428249.475015,266,308,301,394,106,160,182,210,198
1611428249.485176,267,306,304,394,107,162,180,210,199
1611428249.495101,266,306,302,394,106,165,183,210,198
1611428249.505589,267,306,302,397,105,164,182,211,198
1611428249.514896,266,306,304,394,104,166,185,212,198
1611428249.525044,266,306,305,394,102,166,183,210,198
1611428249.535598,267,307,304,400,100,168,186,212,198
1611428249.54497,266,308,306,397,97,170,186,211,200
1611428249.554885,266,306,307,397,94,172,189,210,200
1611428249.565124,266,306,306,394,90,177,189,212,200
1611428249.57482,269,309,309,400,86,181,190,212,201
1611428249.585098,269,310,309,405,84,187,191,213,201
1611428249.595087,269,309,310,408,99,191,194,213,202
1611428249.605153,276,309,310,408,138,195,198,214,203
1611428249.614756,276,312,314,416,178,198,201,217,205
1611428249.624962,276,309,314,416,188,202,201,218,208
1611428249.635132,285,314,314,416,192,205,205,218,210
1611428249.645215,289,315,318,416,196,208,206,221,212
1611428249.655013,298,317,321,418,200,210,208,222,215
1611428249.665093,301,320,323,424,203,212,210,223,217
1611428249.675104,305,323,326,429,206,218,217,229,219
1611428249.685012,309,328,330,429,211,222,219,232,224
1611428249.695001,315,333,336,437,219,229,222,234,229
1611428249.704968,324,331,336,438,225,231,223,234,232
1611428249.714914,328,336,337,442,228,233,228,237,234
1611428249.724966,333,338,344,448,232,234,225,236,235
1611428249.735129,337,338,346,448,235,237,232,239,239
1611428249.744718,341,338,349,454,239,241,232,240,240
1611428249.754683,341,341,349,454,241,242,235,242,242
1611428249.764855,346,338,352,458,241,242,234,242,239
1611428249.774816,347,341,352,464,244,244,229,239,242
1611428249.784981,346,342,352,458,244,242,235,244,243
1611428249.794995,345,340,352,453,242,238,230,239,242
1611428249.805176,346,341,352,458,245,243,234,242,242
1611428249.814952,346,341,346,453,238,243,234,244,240
1611428249.824873,347,341,352,458,242,245,234,243,242
1611428249.835185,346,342,350,458,244,244,234,243,243
1611428249.844906,346,336,352,458,243,242,234,242,242
1611428249.855163,341,338,346,450,238,242,233,244,242
1611428249.865172,349,341,353,458,244,244,235,244,244
1611428249.875219,346,342,353,458,245,240,234,243,243
1611428249.884969,346,341,353,458,244,244,234,244,242
1611428249.894818,347,338,352,458,243,242,235,244,241
1611428249.905031,344,339,344,446,238,242,234,242,239
1611428249.91498,346,341,350,458,244,244,234,243,243
1611428249.924878,346,336,350,456,245,245,235,244,243
1611428249.935004,346,341,352,450,240,244,234,242,242
1611428249.945425,341,340,349,453,245,244,229,241,242
1611428249.955002,345,336,341,456,244,244,235,243,243
1611428249.965303,344,336,349,453,244,245,234,244,241
1611428249.975255,338,336,345,450,244,244,235,244,243
1611428249.984802,341,336,346,448,244,243,234,244,242
1611428249.995139,341,336,341,448,243,244,235,245,242
1611428250.005086,342,336,346,450,244,245,235,242,242
1611428250.015135,341,336,342,447,242,244,235,242,243
1611428250.025024,341,336,346,450,244,244,234,242,242
1611428250.035364,341,336,347,450,245,244,235,243,244
1611428250.045056,344,336,343,448,244,244,234,242,242
1611428250.055088,341,336,346,442,245,242,234,242,244
1611428250.065099,341,336,346,450,245,244,234,239,237
1611428250.075122,340,330,346,448,244,242,235,243,243
1611428250.085014,341,331,337,442,242,242,235,242,242
1611428250.09485,338,336,346,448,245,245,230,239,244
1611428250.10467,342,336,346,448,245,238,229,240,242
1611428250.115201,341,330,340,442,244,242,233,241,239
1611428250.125543,341,336,347,449,244,243,235,242,242
1611428250.135276,342,336,349,453,245,243,235,244,242
1611428250.145047,344,330,340,442,244,244,235,244,242
1611428250.155186,337,336,346,445,241,244,234,242,239
1611428250.165247,341,336,342,449,244,244,234,243,242
1611428250.175366,340,336,346,443,241,242,235,244,242
1611428250.185528,336,336,337,443,239,242,231,245,244
1611428250.195291,342,336,344,448,239,241,231,239,242
1611428250.204997,342,333,346,448,244,243,235,244,242
1611428250.214981,340,336,346,445,244,245,235,242,242
1611428250.225157,338,333,345,448,245,243,236,242,242
1611428250.235411,342,336,341,443,240,244,234,244,244
1611428250.244813,344,336,346,448,244,243,234,242,244
1611428250.254723,341,336,346,449,245,244,234,241,240
1611428250.26475,338,336,346,445,241,245,234,244,242
1611428250.274821,342,336,349,450,244,244,234,241,238
1611428250.284939,341,336,346,450,245,241,229,241,244
1611428250.295026,336,336,347,453,245,244,237,242,242
1611428250.304988,344,338,347,449,243,245,235,245,244
1611428250.315524,341,336,346,451,245,244,235,242,243
1611428250.325413,341,336,345,449,242,243,234,244,244
1611428250.335343,336,337,347,452,244,244,234,244,244
1611428250.345085,342,338,349,448,245,244,235,243,242
1611428250.35476,342,338,346,450,245,243,235,242,242
1611428250.364958,341,337,349,449,242,240,234,244,242
1611428250.375112,341,338,347,453,245,244,235,244,244
1611428250.385393,337,337,346,443,239,241,233,242,243
1611428250.395718,340,336,346,450,244,244,236,243,242
1611428250.405114,341,337,342,442,245,244,235,242,242
1611428250.414912,342,337,346,453,239,245,234,245,244
1611428250.425146,341,333,341,445,240,244,234,242,243
1611428250.435216,342,337,346,449,244,242,230,242,244
1611428250.445047,344,333,349,453,245,245,234,244,244
1611428250.454918,344,338,349,453,245,245,235,245,244
1611428250.465055,342,336,342,445,242,244,235,243,241
1611428250.475467,344,336,343,446,242,242,235,244,242
1611428250.485076,343,333,342,442,245,244,235,243,241
1611428250.495237,340,337,349,453,245,244,236,244,242
1611428250.5053,340,338,346,452,245,244,233,242,243
1611428250.515202,341,336,346,453,245,244,234,242,243
1611428250.525022,346,337,350,453,242,245,235,239,238
1611428250.535106,346,341,352,450,241,240,234,243,242
1611428250.545006,342,336,352,453,245,241,234,244,242
1611428250.555043,346,341,346,448,241,244,234,245,242
1611428250.564832,340,338,346,448,241,242,235,243,243
1611428250.575028,344,341,352,454,243,244,235,245,243
1611428250.585029,347,341,349,453,244,245,234,243,242
1611428250.595193,346,338,352,456,244,244,234,242,244
1611428250.605282,347,338,347,454,244,245,236,244,238
1611428250.615353,346,342,354,458,245,245,235,243,244
1611428250.6252,346,341,352,458,244,244,234,244,241
1611428250.634883,346,338,349,458,245,244,234,243,244
1611428250.645444,348,338,349,458,244,245,235,245,243
1611428250.655122,346,341,352,458,244,244,237,242,242
1611428250.664801,347,341,348,453,241,243,235,242,242
1611428250.674981,346,341,352,458,244,245,235,243,243
1611428250.685298,346,340,347,456,244,244,235,244,244
1611428250.694986,346,341,352,458,238,238,234,242,242
1611428250.704921,346,341,352,458,245,245,235,245,244
1611428250.715139,349,340,348,454,242,244,235,244,244
1611428250.724741,344,340,354,464,244,245,234,245,243
1611428250.734861,350,341,357,464,243,239,229,245,244
1611428250.745205,344,341,352,458,243,245,234,244,243
1611428250.755304,349,341,352,456,242,243,235,245,244
1611428250.765222,344,341,347,453,244,244,235,245,244
1611428250.775392,341,336,349,454,245,245,229,239,238
1611428250.785475,342,341,351,456,245,245,234,243,239
1611428250.795141,347,341,342,451,242,244,236,244,244
1611428250.804832,345,333,349,456,244,244,235,244,241
1611428250.815189,344,340,349,453,244,244,235,244,238
1611428250.82525,337,338,349,453,244,241,229,244,244
1611428250.83503,344,341,349,453,244,244,233,244,242
1611428250.845099,342,338,347,453,244,245,234,243,242
1611428250.854571,341,340,347,453,244,245,235,243,243
1611428250.864967,345,340,352,452,245,243,235,242,242
1611428250.875117,341,336,352,453,243,244,235,245,240
1611428250.885272,346,338,349,453,243,244,236,244,243
1611428250.895128,346,338,344,445,245,244,236,242,241
1611428250.905199,346,336,342,458,244,243,235,244,244
1611428250.915412,342,340,352,456,245,244,235,244,243
1611428250.925389,344,338,349,456,244,245,234,244,242
1611428250.935216,342,338,350,454,245,240,229,239,242
1611428250.945425,344,341,350,456,242,243,234,244,239
1611428250.955356,343,341,352,454,245,243,235,244,242
1611428250.965483,342,341,350,456,241,241,231,244,242
1611428250.974866,344,338,352,453,244,244,234,244,244
1611428250.984775,342,337,349,451,244,242,234,244,242
1611428250.994843,338,336,349,450,244,244,234,244,243
1611428251.005047,342,336,349,453,243,239,230,242,242
1611428251.014979,346,341,349,453,244,245,235,244,244
1611428251.024918,344,338,347,450,243,244,235,244,243
1611428251.034808,344,336,342,449,245,245,235,239,244
1611428251.044831,338,338,349,456,244,244,236,245,244
1611428251.054845,344,338,346,450,242,244,235,241,242
1611428251.064984,344,337,349,450,245,243,235,244,242
1611428251.075018,344,338,349,450,245,244,236,244,244
1611428251.08494,344,338,342,449,244,244,234,242,242
1611428251.095045,341,338,349,453,244,244,235,244,244
1611428251.105192,341,340,352,453,245,242,234,241,241
1611428251.115229,336,338,346,454,244,244,234,242,241
1611428251.125218,344,336,349,456,244,243,235,243,244
1611428251.134862,346,340,349,453,242,245,234,242,244
1611428251.145119,341,338,349,456,245,245,234,243,242
1611428251.155617,341,338,352,450,245,242,235,242,242
1611428251.1649,341,338,349,456,242,242,232,241,242
1611428251.174907,344,338,347,450,245,242,235,242,242
1611428251.18481,344,336,346,451,244,243,234,242,242
1611428251.194741,341,333,346,445,238,245,234,244,244
1611428251.205066,346,338,350,456,245,239,230,239,237
1611428251.215016,344,338,349,456,244,244,234,242,244
1611428251.224921,340,338,349,453,243,242,234,242,242
1611428251.235312,341,336,348,453,237,238,234,242,243
1611428251.245243,342,337,347,453,243,243,234,243,241
1611428251.255013,341,336,346,452,245,244,232,241,239
1611428251.265023,342,338,349,450,242,244,235,244,240
1611428251.27518,342,336,347,453,237,244,234,244,242
1611428251.285261,342,338,340,443,242,242,229,242,241
1611428251.295208,341,333,344,450,242,242,232,244,242
1611428251.305174,336,337,346,449,242,242,234,242,242
1611428251.315275,342,333,347,450,244,242,234,244,237
1611428251.325206,336,341,349,454,244,243,234,239,244
1611428251.334936,340,340,352,456,242,239,231,244,241
1611428251.344761,347,336,352,456,245,245,234,242,242
1611428251.354901,346,341,352,456,244,243,234,242,242
1611428251.364969,348,341,352,458,242,244,233,242,242
1611428251.375168,349,344,353,458,242,240,230,241,241
1611428251.38543,338,341,352,458,244,244,234,242,242
1611428251.395091,341,340,349,458,241,240,234,242,239
1611428251.405168,347,341,353,456,245,244,230,238,243
1611428251.415285,347,341,353,461,243,240,234,244,242
1611428251.42543,348,340,349,456,242,242,234,244,243
1611428251.435378,346,341,353,458,242,243,235,244,244
1611428251.445576,349,341,353,458,239,244,231,242,242
1611428251.455128,346,340,352,453,239,243,235,242,244
1611428251.464853,341,342,353,459,243,245,234,240,239
1611428251.475376,346,341,353,458,242,243,235,242,242
1611428251.485226,347,341,352,458,241,244,234,244,242
1611428251.494862,342,341,352,458,244,242,235,244,243
1611428251.504964,342,341,352,458,245,243,234,242,242
1611428251.515189,347,341,352,456,243,245,234,243,238
1611428251.525046,342,341,352,458,242,244,234,241,241
1611428251.535294,349,338,352,458,243,245,230,244,241
1611428251.545111,347,342,352,456,245,245,235,242,243
1611428251.555227,344,338,344,458,244,244,234,242,242
1611428251.564836,344,336,346,458,244,242,234,244,241
1611428251.574759,346,340,350,456,245,242,234,243,242
1611428251.58488,346,341,349,456,245,244,234,243,243
1611428251.594937,346,341,349,453,244,244,234,245,242
1611428251.604902,346,341,349,456,242,244,236,244,243
1611428251.615103,341,338,347,458,245,243,234,242,242
1611428251.624803,347,340,352,456,244,242,234,242,242
1611428251.635128,347,338,352,458,244,242,235,244,242
1611428251.645324,341,341,352,458,243,243,234,242,241
1611428251.655263,346,341,352,457,243,244,234,244,242
1611428251.665049,344,336,345,456,243,244,229,240,237
1611428251.674996,349,341,352,458,242,245,234,242,237
1611428251.685101,346,341,352,456,245,242,234,242,243
1611428251.694944,345,338,346,450,238,242,234,243,243
1611428251.705111,344,340,349,458,244,243,233,242,241
1611428251.715396,348,340,347,458,244,244,235,244,244
1611428251.725063,344,340,350,458,243,245,234,243,244
1611428251.735357,347,338,352,453,244,244,234,239,237
1611428251.745205,346,340,349,458,242,242,234,238,237
1611428251.755165,344,338,349,453,244,244,234,243,244
1611428251.765182,343,338,350,454,242,242,234,244,243
1611428251.775341,344,333,352,454,244,245,235,244,242
1611428251.785218,342,339,349,453,242,244,234,244,243
1611428251.795409,346,341,352,456,244,244,235,244,239
1611428251.805037,347,341,350,456,242,240,232,245,243
1611428251.814958,346,337,352,458,244,244,233,244,243
1611428251.82514,344,340,349,454,245,244,234,244,243
1611428251.834894,344,341,344,456,245,245,230,241,240
1611428251.844811,341,337,352,456,243,242,234,244,241
1611428251.855156,345,340,352,455,245,242,235,242,242
1611428251.865408,346,341,350,454,241,242,234,244,242
1611428251.875338,341,341,352,453,245,240,230,244,243
1611428251.885561,346,336,352,453,243,244,235,244,241
1611428251.895179,344,340,346,453,242,243,234,244,244
1611428251.904872,345,338,349,456,242,244,235,238,238
1611428251.914738,346,341,349,453,243,243,230,240,238
1611428251.925085,344,338,350,453,245,245,234,243,243
1611428251.935069,344,338,349,456,244,242,234,241,244
1611428251.945049,345,338,350,456,245,245,234,244,244
1611428251.955133,348,341,352,446,240,240,234,245,242
1611428251.96523,346,341,352,458,240,244,234,244,243
1611428251.975004,341,341,349,458,244,244,230,239,238
1611428251.985128,347,341,354,464,245,245,234,245,244
1611428251.995167,348,342,354,456,244,242,235,244,244
1611428252.00503,349,342,352,458,244,242,235,244,244
1611428252.01518,346,341,354,453,244,244,236,243,242
1611428252.025402,344,338,346,451,240,244,232,245,244
1611428252.034951,341,341,349,453,245,244,235,244,241
1611428252.045171,346,338,349,456,244,244,236,245,241
1611428252.055158,344,340,352,453,245,245,235,244,244
1611428252.06482,346,338,352,456,245,245,234,243,239
1611428252.075075,337,336,346,457,245,245,235,244,242
1611428252.084893,345,338,352,454,244,245,235,245,242
1611428252.094942,346,341,345,453,245,245,234,244,242
1611428252.105123,342,341,352,450,242,245,235,244,244
1611428252.114968,348,341,349,458,244,244,237,245,243
1611428252.125224,346,341,350,450,239,242,234,243,243
1611428252.135046,342,341,352,453,244,239,230,239,242
1611428252.144763,344,341,352,457,243,239,230,244,242
1611428252.154899,346,342,354,458,244,244,236,245,245
1611428252.164997,346,344,356,458,244,243,235,243,242
1611428252.174975,341,342,353,458,245,245,234,245,239
1611428252.185025,347,341,352,459,244,245,237,245,244
1611428252.195117,349,343,352,458,245,245,235,244,242
1611428252.204817,349,342,352,458,244,242,234,245,244
1611428252.21481,348,342,352,464,245,239,230,245,244
1611428252.225117,346,340,352,458,245,243,236,245,244
1611428252.234848,348,336,346,464,244,245,234,244,244
1611428252.2447,347,341,351,463,241,245,235,245,245
1611428252.254992,348,337,353,464,244,244,237,245,239
1611428252.264852,347,343,354,464,244,245,230,243,244
1611428252.275171,346,342,352,464,244,244,236,243,244
1611428252.285178,338,336,349,458,245,244,236,242,242
1611428252.295111,347,342,352,468,244,242,230,243,243
1611428252.305223,346,340,346,456,245,242,234,241,241
1611428252.315278,346,341,353,464,243,244,237,244,244
1611428252.325059,346,336,349,458,244,245,234,244,243
1611428252.335351,346,342,357,458,245,244,236,240,241
1611428252.345461,349,338,347,458,245,245,235,245,242
1611428252.354958,347,342,352,459,243,244,234,244,242
1611428252.364846,349,341,350,453,239,239,233,242,241
1611428252.374993,349,342,352,464,244,245,237,243,243
1611428252.384983,349,342,352,464,245,245,235,243,243
1611428252.394914,349,344,354,464,245,245,234,245,243
1611428252.404741,346,340,354,464,245,245,236,244,244
1611428252.414859,346,342,353,464,242,242,237,241,239
1611428252.424776,349,343,357,464,244,244,236,243,242
1611428252.434795,347,340,356,464,245,244,229,237,242
1611428252.445252,347,346,357,464,245,244,234,244,241
1611428252.455061,346,344,355,453,238,239,234,242,244
1611428252.464961,342,338,352,458,239,241,234,242,245
1611428252.475601,346,336,353,464,244,244,235,243,243
1611428252.485037,346,341,352,458,245,244,234,245,244
1611428252.494842,340,340,349,458,245,245,235,244,244
1611428252.505496,349,342,352,464,244,245,234,242,242
1611428252.515821,346,341,354,459,244,239,230,243,242
1611428252.525115,346,342,352,464,243,244,234,244,242
1611428252.535225,341,341,347,453,240,244,234,243,242
1611428252.545038,349,342,354,464,243,241,230,241,242
1611428252.555164,345,338,345,456,244,245,234,245,244
1611428252.565388,342,338,342,458,244,238,235,242,243
1611428252.575155,341,337,352,458,245,244,234,242,238
1611428252.58519,346,338,349,458,243,242,232,239,239
1611428252.594976,347,341,352,458,243,240,235,241,239
1611428252.605084,346,338,352,459,244,243,234,244,239
1611428252.615097,344,341,352,456,245,245,235,244,245
1611428252.625181,347,338,347,456,245,244,234,244,242
1611428252.634957,345,342,353,458,244,241,230,245,243
1611428252.644815,346,338,349,456,242,245,234,240,242
1611428252.655085,343,336,353,458,244,242,229,239,239
1611428252.664722,341,340,349,450,239,243,235,244,238
1611428252.67502,341,341,352,458,244,244,234,243,244
1611428252.684821,346,341,350,458,243,244,234,244,242
1611428252.69509,337,336,346,458,244,245,234,245,244
1611428252.704927,345,338,349,458,244,245,234,242,243
1611428252.715065,346,341,349,456,244,245,234,243,242
1611428252.725528,344,338,352,458,245,245,235,244,242
1611428252.735178,344,341,349,456,244,244,234,244,242
1611428252.745257,341,340,349,458,244,244,234,242,244
1611428252.755223,346,341,352,458,244,244,234,244,242
1611428252.764894,344,339,350,456,243,242,234,242,241
1611428252.775339,342,341,349,456,243,244,234,243,241
1611428252.785111,344,336,352,453,242,244,235,243,244
1611428252.794966,346,340,349,454,242,245,234,245,242
1611428252.804815,344,336,349,453,241,241,234,242,243
1611428252.815143,342,337,344,450,245,240,233,245,244
1611428252.825229,341,336,346,451,242,242,235,245,239
1611428252.83524,344,336,349,454,244,244,235,245,243
1611428252.844945,344,338,347,454,242,243,235,245,243
1611428252.855365,342,336,347,453,245,245,234,242,242
1611428252.86571,342,336,344,450,244,244,234,243,244
1611428252.875085,342,336,349,454,242,244,235,244,241
1611428252.885096,342,337,346,453,244,242,232,243,244
1611428252.895204,344,336,347,454,245,244,234,244,242
1611428252.905633,338,337,344,454,244,242,234,241,241
1611428252.915284,341,337,353,453,244,243,229,238,244
1611428252.924877,349,341,344,450,240,244,234,242,241
1611428252.934818,350,345,352,464,245,242,236,244,243
1611428252.945079,348,345,354,461,242,243,233,239,242
1611428252.955051,346,346,354,464,242,245,235,243,237
1611428252.965256,358,342,354,465,240,244,235,243,243
1611428252.974789,349,343,353,458,244,242,230,241,238
1611428252.984888,342,336,351,472,244,244,234,243,239
1611428252.995013,349,346,353,459,244,244,234,245,242
1611428253.004868,349,338,344,450,240,242,235,244,241
1611428253.014831,341,333,344,449,242,245,234,244,244
1611428253.024816,338,336,349,450,241,243,236,243,242
1611428253.034861,347,347,362,472,245,245,234,242,242
1611428253.044875,357,347,354,472,244,245,234,244,244
1611428253.055012,349,349,366,476,244,245,234,244,242
1611428253.065435,356,348,363,466,243,242,235,241,240
1611428253.075571,357,353,360,474,243,239,229,238,241
1611428253.085135,356,348,365,476,245,244,234,242,242
1611428253.095289,352,349,353,464,241,242,235,242,243
1611428253.10516,353,347,360,475,244,244,234,242,242
1611428253.115607,358,349,362,469,244,242,234,242,242
1611428253.124749,356,352,360,470,242,244,234,241,240
1611428253.134925,357,352,354,465,242,242,234,244,242
1611428253.144828,354,349,352,464,245,237,230,244,243
1611428253.155218,349,346,357,466,242,244,235,243,239
1611428253.164926,350,344,357,464,244,242,234,244,243
1611428253.175105,349,345,349,457,239,241,233,243,243
1611428253.185312,349,342,349,458,241,242,235,244,242
1611428253.194974,349,341,352,458,244,239,229,240,242
1611428253.204941,354,346,360,460,244,242,233,244,242
1611428253.215304,352,344,360,472,242,239,230,238,237
1611428253.225288,355,344,354,461,242,244,234,242,242
1611428253.234867,349,342,352,453,244,243,232,241,241
1611428253.245243,353,343,353,458,242,241,234,243,243
1611428253.255379,347,344,354,461,244,243,234,244,242
1611428253.265036,349,341,353,456,243,243,234,244,243
1611428253.274834,346,341,353,459,237,243,234,242,236
1611428253.284877,347,341,352,459,244,244,234,242,243
1611428253.294883,342,340,352,458,241,242,235,243,237
1611428253.305292,346,341,349,458,242,243,234,242,241
1611428253.315001,344,342,352,458,242,238,228,242,241
1611428253.325058,349,340,352,451,241,241,232,241,241
1611428253.335012,341,340,347,458,239,242,232,241,238
1611428253.344994,340,341,349,456,237,240,230,242,239
1611428253.354923,338,331,347,453,236,239,228,239,237
1611428253.365505,332,335,341,449,234,237,228,238,236
1611428253.374919,330,335,340,445,230,234,228,235,232
1611428253.384932,325,331,338,440,228,232,223,234,231
1611428253.39495,328,330,333,437,227,230,222,232,229
1611428253.404815,321,326,336,435,225,228,221,233,228
1611428253.414966,320,325,330,434,223,228,219,230,226
1611428253.424937,315,323,326,429,219,226,219,229,225
1611428253.435155,312,322,326,429,215,224,218,229,222
1611428253.445041,309,321,325,426,213,219,217,226,221
1611428253.455458,306,322,325,424,211,218,215,226,218
1611428253.464841,304,317,321,421,208,215,213,224,218
1611428253.475087,301,317,319,417,205,214,212,223,217
1611428253.484874,298,317,316,410,203,213,210,222,216
1611428253.495053,296,314,314,408,202,212,208,220,214
1611428253.504811,291,314,314,404,198,210,208,221,213
1611428253.514966,290,314,310,400,197,209,206,218,210
1611428253.525036,288,314,308,400,196,206,204,217,208
1611428253.534969,288,314,308,400,193,205,205,217,208
1611428253.545172,282,309,305,403,191,203,202,217,208
1611428253.55516,280,314,301,400,190,202,202,216,205
1611428253.565017,277,306,300,389,190,202,202,215,203
1611428253.574941,274,309,299,384,187,200,202,215,203
1611428253.585446,272,305,298,368,186,198,198,214,201
1611428253.59541,269,306,294,341,185,197,200,213,200
1611428253.605108,256,308,296,317,184,196,199,212,198
1611428253.615171,239,306,298,289,182,196,197,212,198
1611428253.624984,220,304,288,250,181,194,197,212,197
1611428253.635356,208,298,285,236,181,193,196,211,195
1611428253.645131,194,298,282,228,178,192,196,209,196
1611428253.655156,185,298,280,224,175,190,195,209,194
1611428253.665112,170,298,274,219,171,190,194,209,193
1611428253.674988,155,296,272,217,165,190,194,208,191
1611428253.685052,144,293,257,216,160,189,194,208,190
1611428253.695226,133,293,246,218,156,190,193,208,189
1611428253.705233,126,293,234,216,151,187,191,207,189
1611428253.715399,120,290,220,216,148,189,192,205,187
1611428253.725247,115,292,209,218,145,189,191,206,187
1611428253.735224,115,293,202,213,142,187,193,205,185
1611428253.745091,109,290,188,216,140,187,191,206,184
1611428253.755157,106,288,178,218,138,186,191,205,183
1611428253.764936,107,288,166,214,136,186,191,206,182
1611428253.775419,106,288,154,214,134,187,191,206,181
1611428253.784809,104,288,144,218,132,187,192,205,180
1611428253.794882,104,288,136,218,129,186,191,205,178
1611428253.80489,101,285,128,216,128,187,192,205,177
1611428253.814825,103,288,126,218,128,186,191,205,176
1611428253.824852,101,288,122,218,126,184,191,205,175
1611428253.835175,100,285,116,221,125,187,191,206,174
1611428253.844936,101,285,111,221,122,186,191,206,173
1611428253.855327,100,285,106,224,122,186,192,205,170
1611428253.865215,99,288,102,224,120,186,191,205,169
1611428253.875421,97,283,96,227,117,185,191,205,163
1611428253.885058,98,285,93,234,112,183,190,204,157
1611428253.894981,96,282,89,243,107,185,191,204,153
1611428253.905003,97,280,84,256,101,183,190,203,146
1611428253.915084,96,278,81,263,95,183,189,203,139
1611428253.92491,95,281,80,277,90,181,189,201,135
1611428253.934617,96,277,78,280,84,182,190,202,128
1611428253.945294,94,273,75,293,80,181,189,201,120
1611428253.95501,96,276,74,310,77,179,189,201,111
1611428253.965173,96,272,76,326,73,178,188,200,100
1611428253.975291,96,268,77,344,72,176,188,198,89
1611428253.985302,96,267,80,361,69,172,187,197,77
1611428253.994949,97,267,89,374,69,170,187,197,69
1611428254.0049,99,270,122,384,69,164,187,194,62
1611428254.015101,104,275,189,389,68,156,187,193,58
1611428254.025087,117,283,250,394,66,146,186,191,52
1611428254.035092,136,296,280,397,65,134,186,187,48
1611428254.045412,160,298,296,406,65,118,185,184,47
1611428254.055125,187,303,303,409,65,89,184,186,53
1611428254.064988,227,306,310,408,63,62,182,193,101
1611428254.075153,256,310,312,410,60,47,179,203,175
1611428254.085008,266,309,314,410,60,42,177,209,189
1611428254.094982,274,310,317,410,64,46,177,211,197
1611428254.104722,280,311,314,410,77,81,180,214,202
1611428254.115361,283,312,320,416,93,132,183,216,205
1611428254.125251,284,312,318,410,107,158,185,215,207
1611428254.13494,288,315,321,416,117,169,186,217,208
1611428254.144905,285,311,318,416,127,175,188,217,208
1611428254.154852,289,314,321,410,133,178,190,218,210
1611428254.164981,289,312,318,412,141,180,189,216,210
1611428254.175119,290,314,320,416,146,182,190,216,210
1611428254.185035,288,314,318,416,150,181,189,215,210
1611428254.1949,290,312,318,410,149,182,191,218,210
1611428254.20473,291,315,321,416,150,185,191,216,211
1611428254.214798,289,315,318,406,150,185,192,216,210
1611428254.224811,290,312,317,409,148,185,189,217,210
1611428254.234798,288,313,320,408,143,184,189,216,210
1611428254.245166,288,309,315,407,138,182,189,216,210
1611428254.255124,283,314,320,412,130,182,189,216,209
1611428254.265069,285,314,321,416,126,179,187,215,209
1611428254.275407,285,314,317,416,120,178,189,216,208
1611428254.285457,282,312,317,416,112,178,189,215,208
1611428254.29521,281,313,321,416,109,177,189,215,208
1611428254.305034,284,312,320,416,103,176,191,213,205
1611428254.314951,278,314,319,416,97,175,191,213,205
1611428254.325034,279,314,315,417,89,181,194,213,203
1611428254.335073,278,312,317,421,82,186,197,215,204
1611428254.344707,277,314,315,418,80,191,197,215,203
1611428254.355141,274,312,317,421,104,196,200,218,204
1611428254.365336,274,316,315,420,146,200,203,218,205
1611428254.374947,276,315,314,421,186,204,205,221,209
1611428254.385264,282,315,317,416,193,208,205,222,213
1611428254.395062,288,321,318,416,200,212,208,223,215
1611428254.405162,296,322,321,418,203,213,208,225,218
1611428254.415147,302,321,325,424,206,214,211,224,220
1611428254.425107,306,322,323,426,209,217,215,229,221
1611428254.434945,310,326,328,430,210,219,219,230,224
1611428254.44517,310,324,330,432,214,226,221,234,227
1611428254.45511,314,329,338,438,221,230,222,234,229
1611428254.465157,325,332,337,442,226,232,223,236,232
1611428254.475189,330,333,340,449,229,234,226,237,234
1611428254.485109,333,336,340,445,232,235,229,237,234
1611428254.495061,336,333,344,450,235,239,230,241,238
1611428254.505151,336,338,349,456,237,235,228,242,241
1611428254.514985,343,338,342,453,239,241,232,238,237
1611428254.525137,342,336,350,457,241,238,228,241,241
1611428254.534946,342,338,349,454,242,242,233,242,241
1611428254.544803,344,338,349,461,237,242,234,242,242
1611428254.554807,346,336,349,458,243,242,234,242,241
1611428254.564735,336,338,354,464,244,244,235,239,242
1611428254.575046,346,340,351,464,245,244,235,243,237
1611428254.585224,345,341,353,464,241,243,234,243,242
1611428254.595206,345,341,349,458,242,242,233,238,237
1611428254.605239,346,341,349,458,242,239,234,241,242
1611428254.615306,346,338,352,459,244,244,229,240,243
1611428254.625232,346,341,350,453,239,238,234,242,244
1611428254.635008,340,340,350,458,244,238,229,244,242
1611428254.645043,343,339,349,453,244,241,234,243,242
1611428254.654867,342,338,349,459,243,242,235,242,242
1611428254.665149,338,336,352,458,244,242,235,242,244
1611428254.675183,346,341,347,458,242,242,234,242,243
1611428254.685064,344,337,349,460,244,238,228,239,242
1611428254.695499,343,342,354,458,244,242,234,242,243
1611428254.705095,343,338,352,459,242,242,231,242,242
1611428254.714906,347,340,345,456,238,242,234,242,242
1611428254.724917,346,338,352,459,240,240,232,241,241
1611428254.735193,346,342,352,461,244,245,234,242,242
1611428254.745049,346,340,354,457,240,241,234,242,241
1611428254.755087,344,341,349,464,244,242,234,243,241
1611428254.765222,345,338,352,458,244,242,232,241,244
1611428254.775195,347,342,352,456,241,242,235,244,244
1611428254.784932,344,340,349,456,244,242,234,242,239
1611428254.794722,346,342,354,464,244,241,232,240,238
1611428254.80503,347,338,352,462,242,242,234,244,242
1611428254.815566,347,341,353,464,245,242,234,242,242
1611428254.825166,346,340,352,456,243,244,235,243,242
1611428254.835022,346,336,346,457,245,244,234,244,242
1611428254.845066,346,344,349,458,242,244,234,242,242
1611428254.855036,338,339,352,464,243,243,235,244,242
1611428254.865085,344,341,352,461,244,244,228,239,242
1611428254.875022,347,344,353,464,242,244,234,245,244
1611428254.8848,346,342,353,461,244,243,235,243,242
1611428254.895,347,344,352,464,244,244,234,243,242
1611428254.90507,346,344,354,461,244,242,235,243,242
1611428254.915139,345,340,352,458,240,239,235,244,244
1611428254.924869,347,341,352,461,242,239,232,242,242
1611428254.934992,341,340,352,464,243,244,234,244,242
1611428254.944937,349,336,343,455,242,243,234,242,242
1611428254.954722,345,341,350,464,239,242,235,244,240
1611428254.965215,349,341,352,453,241,242,232,242,242
1611428254.97521,346,340,350,458,244,241,234,242,242
1611428254.985394,338,340,342,458,242,245,234,243,239
1611428254.995382,341,340,346,459,243,242,235,241,241
1611428255.005288,347,342,349,453,244,242,235,239,238
1611428255.015122,352,342,354,461,244,243,235,238,239
1611428255.025287,349,341,349,456,244,242,236,244,243
1611428255.034849,349,343,351,460,240,242,233,244,244
1611428255.045137,349,342,352,458,244,244,233,242,242
1611428255.054965,342,338,349,454,242,243,235,237,238
1611428255.065107,347,342,352,459,242,242,234,242,242
1611428255.075105,349,337,352,458,242,240,232,242,243
1611428255.084823,346,341,349,458,245,244,234,242,242
1611428255.094658,347,341,354,458,243,242,234,240,239
1611428255.104979,347,336,352,458,244,242,235,240,239
1611428255.115068,348,341,354,459,244,237,231,242,243
1611428255.124957,346,341,352,458,244,244,234,242,241
1611428255.135101,344,336,347,458,238,244,234,243,237
1611428255.145212,344,340,354,458,243,242,235,241,238
1611428255.155056,340,344,357,465,244,242,234,242,242
1611428255.165323,347,341,354,464,241,241,229,241,242
1611428255.174814,346,342,349,459,244,244,235,243,242
1611428255.185006,336,341,350,464,241,242,233,242,241
1611428255.194983,346,338,350,458,242,240,229,237,237
1611428255.204711,346,342,352,463,242,242,234,242,242
1611428255.21476,347,337,350,458,242,241,229,240,241
1611428255.224969,341,341,352,456,241,242,234,242,237
1611428255.234901,347,338,349,456,243,244,234,242,241
1611428255.244911,338,338,348,456,243,242,234,241,241
1611428255.254794,344,342,349,458,243,242,232,240,241
1611428255.264993,344,338,344,448,242,243,233,241,242
1611428255.275215,348,338,349,456,244,242,233,242,241
1611428255.285179,344,333,343,448,238,242,234,242,242
1611428255.295504,344,336,350,451,242,241,230,242,241
1611428255.305144,341,330,346,453,242,243,233,242,242
1611428255.315174,341,330,342,448,241,237,230,242,238
1611428255.325119,341,336,349,456,242,237,229,242,242
1611428255.334843,342,338,346,456,241,236,229,241,241
1611428255.345201,340,338,344,448,238,241,234,241,242
1611428255.35513,342,337,349,450,242,241,233,242,242
1611428255.365238,341,338,346,456,242,242,232,242,241
1611428255.37497,342,337,341,454,242,242,234,242,240
1611428255.384777,342,338,347,450,243,242,233,241,241
1611428255.394882,337,337,348,458,242,242,234,242,240
1611428255.405467,344,336,349,457,236,237,232,241,241
1611428255.415113,342,340,349,458,242,241,233,240,242
1611428255.425375,347,338,344,448,242,242,232,238,237
1611428255.435284,343,332,351,459,242,241,234,242,242
1611428255.445236,342,336,346,453,242,242,233,241,239
1611428255.455258,342,342,349,458,242,241,233,242,241
1611428255.464849,344,337,346,453,240,241,233,241,241
1611428255.475119,341,336,345,455,241,238,229,238,240
1611428255.485223,337,340,352,458,242,242,229,242,241
1611428255.495335,338,337,349,456,242,242,234,242,241
1611428255.505038,343,338,349,456,242,241,233,240,241
1611428255.514908,345,338,344,446,242,241,233,240,240
1611428255.525084,338,337,343,450,240,241,233,237,236
1611428255.534862,342,340,349,455,241,241,234,239,240
1611428255.544792,346,340,350,456,242,240,234,241,241
1611428255.554964,342,336,346,456,242,242,232,241,241
1611428255.564855,346,338,350,458,242,241,233,241,241
1611428255.575264,338,342,346,458,242,242,229,237,240
1611428255.585149,344,338,348,453,237,243,232,241,239
1611428255.59508,347,342,352,458,242,239,227,242,241
1611428255.604883,347,338,343,459,240,242,232,238,242
1611428255.615136,336,340,343,451,239,242,232,241,241
1611428255.625531,347,336,346,452,242,242,234,242,242
1611428255.63515,342,338,342,449,242,240,230,238,237
1611428255.645366,341,336,346,453,241,240,229,238,237
1611428255.654991,336,331,341,447,242,242,233,241,238
1611428255.665378,336,340,349,453,241,240,233,240,241
1611428255.675244,342,338,347,453,242,242,233,241,239
1611428255.685129,342,337,347,448,241,241,232,241,239
1611428255.694895,341,333,349,456,242,242,233,242,240
1611428255.705113,342,338,349,454,242,242,233,241,241
1611428255.714829,341,338,352,453,242,242,232,240,241
1611428255.724766,336,330,344,446,237,237,229,239,241
1611428255.734928,342,336,349,458,242,242,232,242,237
1611428255.745112,344,342,350,458,241,242,232,240,241
1611428255.755565,343,338,349,456,242,242,234,241,241
1611428255.765385,346,336,349,454,242,241,232,241,240
1611428255.774983,344,338,349,461,241,241,233,242,242
1611428255.784791,346,341,344,453,242,242,232,240,240
1611428255.795204,341,338,349,458,243,242,232,241,237
1611428255.805267,344,336,346,453,237,242,231,241,241
1611428255.814899,346,337,349,456,242,241,232,241,241
1611428255.825053,346,341,350,461,242,236,227,239,238
1611428255.834948,346,341,349,458,237,242,233,241,241
1611428255.844889,338,338,350,458,240,242,234,242,238
1611428255.854896,342,336,349,458,242,242,233,242,238
1611428255.865189,344,337,352,458,242,241,232,239,239
1611428255.874664,344,338,352,456,241,238,229,238,241
1611428255.885088,339,338,346,457,240,242,233,242,241
1611428255.895452,341,341,352,456,241,242,232,241,241
1611428255.905355,343,337,346,456,241,241,233,241,241
1611428255.914917,343,336,347,450,237,241,232,236,238
1611428255.925267,341,336,345,453,242,242,233,242,237
1611428255.935265,342,336,349,453,241,239,229,237,236
1611428255.94514,342,336,346,453,241,242,232,241,239
1611428255.954944,344,337,346,453,242,242,227,238,238
1611428255.965047,344,338,349,453,241,238,232,240,241
1611428255.974854,344,337,347,450,240,242,232,242,240
1611428255.985002,346,336,346,446,239,241,233,240,241
1611428255.99516,337,337,349,456,237,242,233,241,239
1611428256.005518,346,337,350,447,238,236,232,241,240
1611428256.015264,341,340,344,449,239,241,232,239,239
1611428256.025117,341,338,346,456,241,242,232,241,237
1611428256.035634,342,338,349,456,241,242,232,242,241
1611428256.045049,344,337,349,453,240,238,228,240,239
1611428256.054963,344,337,347,456,241,241,234,242,241
1611428256.064737,338,336,342,451,242,242,226,237,241
1611428256.075197,344,340,346,453,241,242,234,240,241
1611428256.084813,346,337,341,446,240,242,232,238,236
1611428256.094993,342,338,352,456,241,242,233,239,237
1611428256.105526,342,337,349,453,240,238,232,238,238
1611428256.115159,336,337,349,452,241,241,234,241,241
1611428256.125096,342,339,351,458,242,237,227,237,241
1611428256.134963,346,338,352,458,242,242,233,242,241
1611428256.145131,346,342,352,456,238,239,233,239,239
1611428256.155012,346,342,352,458,241,240,230,241,240
1611428256.165352,349,340,353,458,242,237,227,241,241
1611428256.174946,346,340,342,458,242,240,233,242,241
1611428256.185033,346,341,352,458,242,242,234,242,242
1611428256.195321,347,341,352,461,242,242,233,241,241
1611428256.205236,349,341,350,454,241,237,227,239,238
1611428256.215253,341,338,352,464,242,237,234,241,240
1611428256.22505,346,341,352,458,242,242,234,240,241
1611428256.235008,346,342,352,456,242,241,234,241,242
1611428256.24489,348,342,352,458,242,243,230,242,239
1611428256.255029,346,338,352,464,243,242,234,241,240
1611428256.264846,341,344,352,452,237,241,234,241,242
1611428256.27529,345,338,353,458,242,242,233,241,241
1611428256.285209,349,341,349,453,242,242,232,242,241
1611428256.295189,338,340,352,453,242,241,230,238,242
1611428256.305141,348,341,352,458,242,242,233,240,242
1611428256.315308,345,337,350,458,242,242,232,242,241
1611428256.325399,340,340,346,454,242,242,233,241,240
1611428256.334738,336,336,352,461,242,238,229,237,240
1611428256.344967,346,336,352,454,242,239,228,240,241
1611428256.355321,342,338,352,453,241,242,232,241,239
1611428256.365398,346,341,349,453,242,241,232,241,240
1611428256.37488,342,336,352,453,244,242,234,241,241
1611428256.384942,347,336,353,459,242,242,229,242,241
1611428256.394937,346,341,349,456,242,237,233,242,241
1611428256.404992,340,336,347,456,242,239,229,241,241
1611428256.415014,342,337,352,458,238,241,229,238,242
1611428256.425016,344,342,352,458,239,242,234,237,239
1611428256.434756,344,337,348,452,242,241,233,242,241
1611428256.445153,344,341,353,461,237,242,234,242,237
1611428256.455189,346,341,354,459,243,242,234,241,241
1611428256.465135,346,337,353,450,242,241,233,242,240
1611428256.474959,338,336,347,453,242,241,234,242,242
1611428256.484812,340,338,352,458,242,242,234,236,239
1611428256.494894,342,336,348,458,243,242,233,241,242
1611428256.505043,341,337,349,454,242,243,233,241,235
1611428256.515246,344,338,349,453,242,240,232,242,242
1611428256.525369,342,331,349,458,242,242,234,242,242
1611428256.534852,345,340,346,449,241,238,229,240,241
1611428256.545027,341,338,349,456,242,242,232,238,238
1611428256.555082,336,338,347,454,241,242,232,241,241
1611428256.564835,341,336,342,453,241,241,234,240,241
1611428256.574824,346,340,352,456,241,240,233,242,242
1611428256.585058,342,337,342,449,237,239,229,241,241
1611428256.594871,345,338,350,456,244,242,234,242,241
1611428256.604814,341,336,349,458,242,241,232,242,241
1611428256.615101,342,341,343,445,242,242,234,242,242
1611428256.624612,342,336,352,449,237,243,233,242,242
1611428256.635404,341,340,346,456,242,241,234,242,240
1611428256.645316,336,337,349,453,242,242,233,240,240
1611428256.654683,344,337,349,456,242,238,233,241,242
1611428256.665214,343,341,349,458,244,242,234,242,242
1611428256.675267,336,337,346,455,239,242,233,240,242
1611428256.685162,341,337,347,453,242,242,233,242,241
1611428256.695318,342,338,346,453,242,242,233,242,240
1611428256.705391,345,340,349,455,242,242,233,241,239
1611428256.71526,342,337,349,457,242,241,234,242,242
1611428256.724947,342,338,352,456,238,242,232,241,236
1611428256.734874,337,336,346,453,242,239,234,241,242
1611428256.745108,341,331,349,453,242,242,229,239,240
1611428256.754877,337,338,349,456,241,241,234,242,241
1611428256.764736,338,338,352,453,238,237,234,242,242
1611428256.774723,336,341,349,456,240,242,232,242,241
1611428256.785159,341,333,344,449,237,242,234,242,242
1611428256.795454,342,338,352,454,242,242,233,241,240
1611428256.804926,338,331,347,456,241,241,234,241,242
1611428256.814985,344,338,349,453,242,243,233,242,238
1611428256.824698,343,340,349,456,242,241,234,242,241
1611428256.83487,346,341,343,449,242,242,234,240,238
1611428256.845502,342,337,347,456,242,237,229,242,241
1611428256.855189,345,341,349,452,242,242,232,242,241
1611428256.864915,346,340,352,449,237,242,233,241,241
1611428256.875259,345,341,352,458,241,239,231,238,237
1611428256.885184,338,338,349,458,242,242,232,242,241
1611428256.895068,349,343,352,458,241,241,234,238,238
1611428256.905006,346,340,349,453,237,242,232,242,242
1611428256.915175,347,338,353,459,242,238,227,242,241
1611428256.925154,349,344,352,459,243,241,228,238,241
1611428256.935132,344,340,352,453,240,237,229,241,241
1611428256.945027,343,341,349,456,242,238,229,237,237
1611428256.954858,344,338,352,459,238,243,233,242,241
1611428256.964915,344,336,352,458,242,237,227,242,241
1611428256.975437,342,338,353,458,242,242,234,242,240
1611428256.985495,344,341,352,461,241,241,233,242,242
1611428256.995349,345,341,352,464,242,242,234,240,242
1611428257.005141,341,341,352,458,239,242,234,242,242
1611428257.014793,349,336,349,456,242,239,229,241,238
1611428257.024891,338,340,345,458,242,242,234,241,240
1611428257.035102,346,336,350,458,242,240,232,241,241
1611428257.045169,346,341,352,460,244,242,233,239,237
1611428257.055295,343,341,349,458,242,242,229,238,242
1611428257.065206,346,338,341,458,242,241,233,239,238
1611428257.075196,338,340,344,453,242,241,230,242,241
1611428257.085293,344,341,349,458,242,237,228,237,241
1611428257.094864,346,340,352,456,242,242,234,241,237
1611428257.104931,345,340,349,458,241,242,234,242,242
1611428257.115287,344,337,349,454,242,240,234,241,241
1611428257.12497,344,340,350,454,242,242,234,239,237
1611428257.135029,346,338,349,458,242,243,234,238,237
1611428257.145354,343,336,347,453,241,241,233,241,239
1611428257.155093,345,338,346,453,239,242,231,238,242
1611428257.164958,344,340,349,455,242,242,233,241,241
1611428257.175006,344,338,349,453,241,242,233,242,242
1611428257.184788,341,336,349,453,242,242,232,243,239
1611428257.194803,342,336,349,456,243,242,234,242,237
1611428257.205106,344,340,348,453,240,242,234,239,242
1611428257.214812,344,338,350,458,242,242,234,242,241
1611428257.22479,344,336,349,456,242,242,233,240,241
1611428257.234954,344,341,352,457,241,242,233,242,242
1611428257.245186,341,337,344,451,237,241,234,242,242
1611428257.254926,341,338,349,453,238,240,233,242,242
1611428257.265092,341,340,349,464,242,242,229,237,237
1611428257.274966,348,340,347,464,242,242,232,241,241
1611428257.285124,339,336,352,458,241,242,234,242,242
1611428257.295317,349,345,352,464,240,241,229,240,242
1611428257.305057,343,342,349,464,242,241,234,241,241
1611428257.314855,345,340,352,459,241,236,229,241,242
1611428257.325109,338,338,352,457,242,239,232,238,239
1611428257.335253,344,341,352,458,242,242,232,241,240
1611428257.345154,344,338,347,450,241,242,233,242,240
1611428257.354969,347,340,352,458,237,242,233,241,240
1611428257.364822,346,338,346,446,237,241,231,241,239
1611428257.374959,341,339,349,459,241,240,230,241,241
1611428257.385225,346,338,345,447,238,242,233,241,240
1611428257.395,339,340,347,453,240,242,232,237,242
1611428257.405029,342,339,350,458,241,238,232,241,240
1611428257.415273,345,340,351,456,242,239,234,242,236
1611428257.425019,344,338,349,450,242,242,233,240,241
1611428257.434633,342,340,350,453,241,237,228,237,239
1611428257.444845,344,340,349,457,242,242,233,243,241
1611428257.454966,342,342,349,457,242,241,233,241,239
1611428257.465055,344,337,346,450,242,237,228,242,241
1611428257.475141,342,340,346,456,237,239,229,241,239
1611428257.485147,344,336,345,453,242,241,233,241,238
1611428257.49555,343,336,347,456,242,242,232,241,240
1611428257.504738,344,341,352,458,242,242,232,241,241
1611428257.515191,342,338,350,453,241,237,229,241,241
1611428257.524872,346,341,352,456,242,242,232,242,240
1611428257.535009,346,340,349,447,240,238,232,240,237
1611428257.544934,344,338,342,448,238,240,233,240,241
1611428257.554882,341,338,346,453,239,241,232,240,241
1611428257.565004,345,338,353,458,242,242,233,239,237
1611428257.57511,338,338,349,458,240,241,233,238,242
1611428257.585111,344,338,349,458,242,238,228,242,242
1611428257.595225,340,338,347,450,239,241,232,240,238
1611428257.604846,337,336,352,453,241,241,232,238,241
1611428257.614759,344,333,346,452,241,241,233,239,238
1611428257.624717,346,340,353,458,242,242,232,242,239
1611428257.635071,349,341,352,455,240,242,232,241,240
1611428257.645091,344,341,349,458,240,242,232,241,239
1611428257.655225,343,337,352,456,240,242,232,242,241
1611428257.665092,344,338,346,448,240,240,232,241,241
1611428257.675293,341,336,353,464,241,242,232,242,241
1611428257.684752,342,340,352,456,237,242,229,242,239
1611428257.695233,341,340,346,450,239,241,231,239,239
1611428257.705143,342,333,344,450,242,240,232,239,239
1611428257.715276,344,340,349,456,239,241,233,241,242
1611428257.724885,346,338,349,459,242,242,233,241,242
1611428257.735344,341,338,352,464,240,242,233,241,241
1611428257.745248,347,337,345,448,242,241,234,242,240
1611428257.755474,343,341,352,453,240,242,234,241,241
1611428257.765148,346,340,350,458,242,238,232,241,237
1611428257.774691,344,340,352,453,242,242,234,242,240
1611428257.784834,344,340,346,458,241,241,233,241,241
1611428257.795388,345,341,353,461,242,241,234,239,240
1611428257.80499,349,338,352,456,242,239,226,237,235
1611428257.814716,344,338,349,459,240,242,233,241,236
1611428257.824861,344,337,347,450,237,238,232,242,238
1611428257.835046,333,333,342,449,238,239,232,239,237
1611428257.845021,345,340,352,459,242,236,228,239,242
1611428257.854937,349,341,350,459,243,241,230,241,240
1611428257.864659,346,337,352,458,242,237,232,240,239
1611428257.87496,338,336,347,453,239,241,233,240,239
1611428257.884928,344,336,347,453,242,240,229,242,240
1611428257.894879,343,336,349,457,242,241,233,242,241
1611428257.905287,342,331,348,451,242,237,229,241,240
1611428257.915309,344,337,349,453,242,242,232,237,237
1611428257.925308,342,340,349,457,241,242,233,242,241
1611428257.934826,341,341,349,456,242,242,233,242,241
1611428257.945221,342,338,342,458,240,242,232,241,239
1611428257.955281,343,338,349,456,242,242,232,241,239
1611428257.965218,341,337,349,453,242,239,228,238,239
1611428257.97536,342,336,352,459,242,241,232,241,242
1611428257.985273,349,342,350,458,240,239,231,239,239
1611428257.995052,344,341,349,453,235,242,232,237,235
1611428258.004923,346,341,352,458,241,242,233,241,241
1611428258.0152,341,341,349,453,242,242,232,240,241
1611428258.025147,346,338,352,456,241,239,232,241,241
1611428258.035027,349,338,349,456,242,242,232,240,238
1611428258.044719,346,337,347,453,239,239,233,241,241
1611428258.054667,346,338,352,458,241,242,232,241,241
1611428258.064824,340,337,349,456,240,242,233,240,241
1611428258.074973,343,340,349,458,241,242,232,239,239
1611428258.085031,342,340,349,454,241,241,233,241,239
1611428258.095089,341,341,352,458,241,239,232,240,240
1611428258.104999,344,338,342,453,237,239,232,241,242
1611428258.114821,344,338,352,456,241,242,233,242,240
1611428258.124744,344,333,347,458,240,242,233,241,241
1611428258.134831,345,338,342,448,241,241,232,241,240
1611428258.145202,342,337,341,448,237,239,233,238,239
1611428258.155112,341,336,346,453,241,239,231,237,238
1611428258.165002,344,336,346,452,241,235,229,241,242
1611428258.174714,344,341,352,458,241,242,232,242,241
1611428258.185276,346,341,347,451,238,242,232,242,242
1611428258.195249,341,336,346,450,237,241,233,241,239
1611428258.205252,342,330,346,451,241,241,232,235,238
1611428258.215033,347,337,349,458,242,242,232,241,238
1611428258.224885,346,338,349,453,241,238,227,236,235
1611428258.235064,346,337,349,453,241,241,229,237,241
1611428258.245211,336,339,349,458,241,242,232,239,241
1611428258.255298,346,339,349,456,237,236,232,239,239
1611428258.265035,344,341,352,453,239,238,232,240,239
1611428258.274923,345,336,342,456,242,241,233,242,239
1611428258.284902,342,338,349,453,241,237,228,241,242
1611428258.295017,342,337,349,456,240,242,233,240,240
1611428258.304934,344,337,347,454,242,241,232,241,239
1611428258.315071,345,341,352,458,241,242,233,242,241
1611428258.325027,342,338,352,464,242,238,229,239,241
1611428258.334886,344,340,352,457,242,240,234,241,240
1611428258.345126,344,341,349,458,242,242,233,241,239
1611428258.355262,348,341,349,454,241,237,230,238,238
1611428258.365306,344,338,349,456,241,242,233,239,238
1611428258.375226,341,341,352,459,241,241,230,238,239
1611428258.384816,344,341,352,453,237,237,233,241,238
1611428258.39494,344,333,346,453,239,241,233,241,242
1611428258.405494,342,338,350,453,242,241,234,242,242
1611428258.414701,342,336,345,458,239,241,233,241,241
1611428258.424704,345,336,349,456,242,243,232,240,237
1611428258.434919,346,333,349,459,242,242,232,240,240
1611428258.445585,346,344,354,464,241,237,228,240,241
1611428258.454853,349,343,353,464,242,237,229,239,240
1611428258.464656,349,342,353,459,237,241,232,237,239
1611428258.474745,346,341,353,458,237,241,233,241,240
1611428258.484992,342,338,352,458,242,239,230,239,238
1611428258.49506,340,341,352,458,241,242,234,241,237
1611428258.504751,338,337,349,456,239,241,233,242,241
1611428258.51491,342,336,349,456,243,242,232,242,242
1611428258.525044,346,341,349,458,242,241,230,241,240
1611428258.535182,342,336,349,456,241,242,233,242,237
1611428258.545104,346,338,344,450,235,240,228,242,240
1611428258.554998,341,337,349,456,241,241,233,240,241
1611428258.564754,337,338,349,460,241,241,229,242,240
1611428258.574663,346,338,349,454,241,239,233,242,238
1611428258.585079,344,337,349,458,242,237,229,241,241
1611428258.59511,345,341,349,456,242,242,232,240,241
1611428258.604995,338,338,350,464,242,238,229,235,237
1611428258.614992,344,336,353,458,242,239,229,242,240
1611428258.624881,346,338,344,450,239,241,233,242,241
1611428258.634845,340,339,349,453,242,237,228,239,240
1611428258.644891,342,338,352,458,242,242,234,242,241
1611428258.654732,346,340,349,458,242,241,233,237,236
1611428258.665009,346,341,352,458,242,241,228,238,241
1611428258.675251,345,341,352,453,241,241,234,242,242
1611428258.684853,346,338,349,458,242,241,234,242,241
1611428258.694991,336,340,352,456,241,236,228,241,242
1611428258.705641,344,339,349,456,242,241,232,242,241
1611428258.714908,342,336,349,455,241,241,232,241,239
1611428258.724845,346,341,352,456,236,243,229,242,241
1611428258.735034,346,337,350,456,242,241,234,241,240
1611428258.745073,344,338,352,458,239,242,234,241,239
1611428258.754958,338,336,348,458,235,241,234,241,242
1611428258.764776,346,338,349,450,237,237,232,241,239
1611428258.774983,343,338,349,456,243,242,232,241,239
1611428258.785344,346,338,344,452,239,241,232,240,241
1611428258.794932,346,341,346,456,241,242,234,241,241
1611428258.80487,346,337,347,447,242,242,234,242,241
1611428258.814995,341,336,341,449,237,239,234,242,241
1611428258.825061,342,338,349,458,242,243,232,241,239
1611428258.835032,344,340,344,453,241,243,233,241,239
1611428258.844981,344,338,352,454,242,241,229,239,242
1611428258.855151,344,341,350,453,241,241,233,242,241
1611428258.864707,346,340,346,456,242,241,232,242,241
1611428258.875473,342,341,352,456,237,242,232,241,242
1611428258.884897,344,341,350,456,242,242,233,241,242
1611428258.894708,346,338,352,454,237,242,234,242,240
1611428258.905078,344,337,349,459,241,240,230,240,241
1611428258.915239,347,338,348,456,237,240,230,242,240
1611428258.925005,341,337,349,458,239,241,232,241,239
1611428258.935358,341,338,346,458,237,235,229,239,241
1611428258.945053,339,337,346,453,238,239,232,241,238
1611428258.955321,341,336,347,449,237,238,230,239,237
1611428258.964993,336,338,344,448,234,236,230,238,237
1611428258.975065,331,336,338,444,230,233,228,236,234
1611428258.985042,325,331,336,437,226,230,224,234,229
1611428258.995327,325,328,333,437,225,227,220,232,229
1611428259.004989,318,325,330,432,221,226,220,230,226
1611428259.015207,309,325,325,427,215,223,218,229,223
1611428259.025038,304,320,322,424,208,218,216,226,218
1611428259.034839,300,317,319,416,205,213,212,222,215
1611428259.045108,294,314,312,405,199,210,208,220,212
1611428259.054914,288,309,305,401,194,206,205,218,207
1611428259.065315,282,308,299,400,190,202,201,214,205
1611428259.074764,274,301,298,394,186,197,198,212,198
1611428259.084946,239,298,292,354,182,194,196,209,197
1611428259.094992,199,296,288,317,170,190,191,203,194
1611428259.10512,142,288,282,310,148,189,189,202,181
1611428259.114853,117,289,256,315,131,184,185,200,159
1611428259.12486,111,288,229,331,112,177,184,197,136
1611428259.135437,116,282,213,353,90,161,182,194,107
1611428259.145344,129,280,210,357,74,148,180,187,86
1611428259.154933,140,274,213,365,67,139,180,173,78
1611428259.165095,148,268,218,365,66,131,176,165,77
1611428259.175283,151,259,219,365,65,125,175,157,74
1611428259.185342,153,258,221,368,64,123,176,154,74
1611428259.195509,155,250,218,368,64,122,176,152,73
1611428259.205267,154,245,215,365,62,122,175,151,73
1611428259.215198,153,241,212,366,63,122,175,150,72
1611428259.225061,150,235,208,365,63,123,175,152,71
1611428259.235602,148,232,199,369,63,124,176,154,71
1611428259.244862,144,226,194,367,62,126,176,154,71
1611428259.254984,140,224,189,368,62,128,175,156,70
1611428259.265154,139,221,179,365,61,130,175,158,71
1611428259.274901,134,218,174,369,63,132,177,163,70
1611428259.285033,130,218,164,368,63,135,177,168,70
1611428259.29512,122,221,149,368,63,138,178,175,70
1611428259.305254,114,226,134,368,63,141,177,180,70
1611428259.315397,105,236,116,365,65,146,178,187,72
1611428259.325325,100,240,103,360,64,154,180,188,72
1611428259.334707,97,250,94,352,65,157,180,191,76
1611428259.344723,96,257,89,347,68,164,181,191,80
1611428259.354774,94,261,85,344,69,169,182,194,84
1611428259.364864,93,265,80,337,69,171,181,194,87
1611428259.375022,92,268,77,342,71,172,182,194,86
1611428259.385009,92,267,75,342,71,171,182,195,83
1611428259.395212,89,267,77,354,69,172,182,195,79
1611428259.405148,89,268,80,363,67,171,183,195,70
1611428259.415023,89,273,101,370,65,169,183,194,61
1611428259.425143,88,282,187,384,62,163,183,193,50
1611428259.435394,92,294,267,389,60,152,182,189,38
1611428259.445203,98,299,279,394,60,147,182,187,37
1611428259.455089,115,304,296,397,58,133,182,183,35
1611428259.464979,149,306,302,401,56,90,181,185,39
1611428259.474835,183,307,309,408,55,54,179,193,75
1611428259.484779,214,309,309,405,52,42,177,198,130
1611428259.494792,230,309,310,408,51,37,174,200,160
1611428259.504735,256,310,312,410,50,30,172,205,181
1611428259.514832,261,309,314,407,52,36,173,208,190
1611428259.524723,266,309,314,416,54,42,174,208,193
1611428259.535113,270,309,314,416,58,60,177,208,196
1611428259.54526,272,310,314,408,63,79,177,208,197
1611428259.554957,273,311,315,410,68,96,178,209,198
1611428259.56521,274,311,316,410,73,109,176,207,199
1611428259.575075,274,309,315,408,77,118,179,210,199
1611428259.585263,272,310,314,408,79,123,178,208,197
1611428259.594804,272,308,312,410,80,130,180,210,200
1611428259.604761,272,309,314,405,78,133,180,210,198
1611428259.615067,271,309,312,405,77,135,179,210,198
1611428259.625481,272,309,314,407,74,134,178,207,197
1611428259.635315,269,309,316,408,72,134,180,209,198
1611428259.645195,269,309,315,405,68,134,180,209,198
1611428259.65484,264,309,312,406,64,131,182,208,198
1611428259.664712,267,310,312,408,60,128,182,209,197
1611428259.674874,266,310,314,406,59,129,183,209,196
1611428259.685055,262,309,314,411,57,132,186,209,196
1611428259.695499,261,309,312,405,54,145,189,208,196
1611428259.705129,259,309,309,409,56,165,191,210,195
1611428259.714939,257,310,315,416,59,182,193,211,195
1611428259.724982,257,311,311,416,64,190,196,212,197
1611428259.734846,260,312,312,416,93,194,198,214,198
1611428259.745059,266,318,315,416,160,198,200,216,204
1611428259.755008,272,317,315,416,188,203,202,218,206
1611428259.764783,282,316,318,418,193,205,203,219,212
1611428259.775126,293,320,320,418,200,209,205,221,216
1611428259.784695,301,322,325,424,202,212,208,222,214
1611428259.794864,305,323,325,429,206,214,213,225,218
1611428259.805233,307,329,330,430,208,219,217,229,221
1611428259.81495,314,329,333,432,214,226,219,232,225
1611428259.82506,320,330,337,437,221,229,221,233,229
1611428259.835259,330,336,344,445,227,229,223,234,232
1611428259.845185,336,337,346,450,229,233,223,237,232
1611428259.855203,336,341,346,449,230,234,226,238,236
1611428259.864881,336,340,349,453,234,237,228,239,234
1611428259.875071,338,340,352,456,235,238,230,239,239
1611428259.885406,345,342,353,458,237,237,229,238,237
1611428259.894637,337,340,349,458,237,239,228,240,238
1611428259.905104,342,337,352,458,241,242,231,241,240
1611428259.915424,344,340,354,456,242,242,232,241,242
1611428259.924917,341,340,352,458,240,242,233,241,242
1611428259.935115,346,338,353,456,241,241,234,237,236
1611428259.944905,342,342,352,459,238,243,232,240,240
1611428259.954793,347,341,354,459,240,242,232,241,239
1611428259.964914,341,344,355,459,241,240,233,241,241
1611428259.974789,349,341,354,457,241,242,234,242,241
1611428259.98493,343,340,352,461,242,242,233,241,241
1611428259.994946,349,341,353,461,237,242,233,242,239
1611428260.004961,349,342,352,456,240,242,232,241,240
1611428260.01494,346,340,350,457,242,240,229,237,239
1611428260.025252,346,339,349,456,240,242,234,240,241
1611428260.034738,346,342,346,453,237,240,234,240,240
1611428260.044848,347,342,352,459,242,237,227,237,240
1611428260.054862,346,341,352,461,239,241,233,242,240
1611428260.064947,349,338,353,458,242,242,232,242,240
1611428260.075153,346,341,352,459,241,240,231,239,239
1611428260.084935,347,341,353,458,242,242,232,242,239
1611428260.094946,349,342,355,464,237,237,231,239,241
1611428260.10494,344,342,353,464,241,242,233,238,238
1611428260.114852,344,341,354,458,242,241,234,241,239
1611428260.124762,346,338,353,458,242,242,232,242,239
1611428260.135189,346,341,352,459,242,242,232,240,241
1611428260.145344,347,341,352,458,241,238,229,239,238
1611428260.154801,346,338,349,458,241,242,233,241,242
1611428260.165139,352,344,352,464,241,243,233,242,241
1611428260.175192,350,340,357,461,242,242,232,241,242
1611428260.185191,341,340,352,464,241,241,233,239,239
1611428260.19511,338,336,352,464,242,242,232,239,242
1611428260.204908,346,341,350,459,239,242,231,240,242
1611428260.214766,346,342,355,459,241,243,233,240,241
1611428260.224902,347,338,346,459,242,241,234,242,241
1611428260.234662,341,345,354,464,240,239,229,238,239
1611428260.24526,346,338,352,458,242,242,234,241,241
1611428260.255076,338,342,350,459,242,241,234,242,241
1611428260.264919,349,336,342,458,241,242,232,241,240
1611428260.274784,347,337,347,456,241,242,232,242,240
1611428260.285162,345,344,352,459,242,242,233,238,239
1611428260.295173,349,344,346,453,240,242,233,242,240
1611428260.304871,340,342,354,458,242,242,234,238,237
1611428260.315525,346,341,354,458,242,242,234,242,238
1611428260.324938,347,342,354,464,242,242,233,241,241
1611428260.334964,352,345,354,464,241,238,232,242,241
1611428260.345232,349,341,356,464,242,240,229,239,241
1611428260.355104,346,346,356,459,241,242,232,242,240
1611428260.365355,346,344,356,464,242,243,233,241,241
1611428260.375005,348,336,356,464,242,242,233,243,241
1611428260.385138,349,341,354,459,239,241,234,240,242
1611428260.395227,349,344,354,464,242,242,233,241,239
1611428260.405058,349,343,353,458,243,243,233,241,239
1611428260.415113,347,343,355,464,242,242,232,240,239
1611428260.424798,346,343,352,454,242,242,232,241,239
1611428260.434901,342,342,352,459,236,242,234,242,241
1611428260.445144,344,342,352,459,242,244,232,242,242
1611428260.455257,346,336,352,458,242,242,233,240,239
1611428260.46522,347,341,352,461,241,244,233,241,242
1611428260.47519,349,336,346,461,242,243,233,241,241
1611428260.485209,347,341,352,459,242,242,233,239,239
1611428260.495083,344,342,352,458,242,242,233,242,242
1611428260.504934,344,336,344,450,242,241,229,242,241
1611428260.515413,347,341,352,458,242,242,234,242,243
1611428260.525207,346,342,352,458,241,241,233,238,236
1611428260.535138,341,338,351,458,242,244,234,241,242
1611428260.545133,341,338,352,458,241,243,231,241,241
1611428260.555033,344,344,352,458,242,241,232,239,239
1611428260.565226,344,341,349,457,242,243,233,244,242
1611428260.574994,347,338,353,458,243,242,234,241,240
1611428260.585239,344,336,352,455,243,240,228,242,242
1611428260.595435,347,341,352,456,242,242,229,242,242
1611428260.604824,341,341,354,456,241,239,232,241,242
1611428260.615033,346,342,352,458,242,241,229,240,240
1611428260.62491,346,341,349,454,240,242,233,242,241
1611428260.634778,339,341,353,458,243,242,233,242,241
1611428260.64518,346,338,346,453,242,244,233,241,241
1611428260.655508,341,338,352,464,243,243,234,240,242
1611428260.665415,349,337,353,459,243,242,231,240,242
1611428260.675462,346,341,354,461,242,242,233,242,241
1611428260.685107,346,337,352,459,241,242,233,242,242
1611428260.695055,348,341,352,459,241,239,229,243,241
1611428260.704944,347,342,352,461,242,243,233,241,242
1611428260.715175,347,341,352,458,242,241,234,240,241
1611428260.725047,347,341,353,458,242,242,233,241,241
1611428260.73513,340,342,349,456,240,241,232,241,241
1611428260.74494,344,336,344,450,237,237,229,240,239
1611428260.754971,342,341,354,458,243,242,232,240,242
1611428260.765158,346,342,353,464,242,242,228,242,241
1611428260.775052,345,341,354,458,242,244,234,242,240
1611428260.784938,345,338,342,445,242,242,232,242,243
1611428260.795024,336,331,344,446,240,239,229,242,242
1611428260.804923,337,331,341,445,242,241,234,241,241
1611428260.81486,336,331,344,446,241,241,234,241,242
1611428260.825368,331,331,342,447,243,244,233,242,241
1611428260.835042,336,325,338,442,237,243,234,242,237
1611428260.845039,337,344,354,464,241,241,231,242,241
1611428260.855162,349,337,349,464,242,243,233,242,242
1611428260.86502,349,346,354,464,242,244,234,243,242
1611428260.874946,352,340,346,464,242,242,229,239,241
1611428260.885076,350,346,354,456,242,242,234,243,242
1611428260.895043,346,341,352,459,242,237,234,241,243
1611428260.905111,341,343,354,464,243,242,234,243,242
1611428260.915324,349,342,354,461,238,241,230,242,242
1611428260.92524,350,344,354,453,236,242,234,244,243
1611428260.93522,352,343,353,469,242,239,228,242,241
1611428260.94535,352,342,360,469,242,243,234,242,242
1611428260.955046,347,344,352,458,237,244,234,242,242
1611428260.964987,346,346,353,466,241,244,234,242,242
1611428260.975199,349,343,359,462,243,240,234,242,242
1611428260.985083,346,346,360,469,241,242,233,242,242
1611428260.994576,346,346,357,464,242,244,234,242,241
1611428261.004872,349,344,355,464,237,242,234,241,241
1611428261.015223,353,347,358,468,243,244,234,242,242
1611428261.025693,352,341,352,464,242,241,229,243,243
1611428261.034993,352,346,358,464,242,238,229,242,242
1611428261.045115,352,346,356,464,242,243,235,241,242
1611428261.055159,349,342,357,469,243,244,233,242,242
1611428261.064639,354,346,357,464,242,241,234,242,241
1611428261.074954,352,346,357,465,243,240,228,242,243
1611428261.084634,352,338,357,464,242,242,234,242,242
1611428261.095012,352,352,361,469,242,244,234,241,241
1611428261.104852,350,345,349,458,237,242,232,239,240
1611428261.114713,346,345,362,466,237,244,235,242,242
1611428261.125008,347,344,356,464,242,244,234,243,242
1611428261.13543,352,346,352,458,242,242,234,242,242
1611428261.14514,350,346,356,464,241,244,234,244,243
1611428261.155163,346,341,350,458,242,245,234,244,243
1611428261.164873,349,342,357,461,242,242,234,241,242
1611428261.175046,349,344,352,464,241,244,234,244,241
1611428261.184958,352,344,360,468,242,238,229,241,241
1611428261.195172,349,346,362,469,242,238,229,239,239
1611428261.205048,353,350,360,469,242,242,233,241,237
1611428261.215429,352,344,360,466,244,244,234,244,242
1611428261.225057,348,349,362,464,242,237,229,242,241
1611428261.234828,343,349,360,469,241,244,234,242,242
1611428261.244718,354,349,360,467,242,244,234,240,242
1611428261.25478,353,349,362,467,242,242,234,242,242
1611428261.265026,357,342,357,471,242,242,232,244,242
1611428261.274947,352,344,357,470,242,244,234,242,237
1611428261.284898,349,342,359,469,243,244,233,238,237
1611428261.295439,349,342,352,465,244,245,234,242,242
1611428261.305467,349,341,352,468,242,244,233,244,242
1611428261.314738,353,343,357,466,242,243,235,242,242
1611428261.325142,347,343,352,459,242,243,234,239,237
1611428261.335151,347,341,352,458,244,244,234,242,237
1611428261.344884,349,340,350,459,242,241,230,244,242
1611428261.355112,346,342,353,458,243,244,235,243,243
1611428261.365179,346,341,352,461,242,244,234,240,243
1611428261.375097,344,341,352,458,243,242,234,242,243
1611428261.385065,346,341,349,453,241,243,234,242,242
1611428261.395035,345,338,349,456,239,244,234,243,242
1611428261.405167,344,341,352,459,244,245,234,242,244
1611428261.41499,344,340,346,455,244,242,232,244,243
1611428261.424999,346,338,346,450,241,242,234,242,242
1611428261.434894,344,338,352,458,242,244,234,243,236
1611428261.444996,346,341,347,458,244,244,234,242,241
1611428261.455189,346,340,349,456,243,244,234,242,242
1611428261.464896,341,340,349,453,239,245,235,242,238
1611428261.475127,346,341,353,458,244,238,229,239,241
1611428261.485248,344,336,349,456,242,242,234,244,242
1611428261.495225,346,340,352,459,243,244,234,242,242
1611428261.505054,344,342,354,453,242,243,234,242,243
1611428261.514849,346,343,355,458,237,242,234,242,241
1611428261.524809,341,341,356,453,240,243,234,244,242
1611428261.534866,346,348,352,460,242,242,231,242,241
1611428261.545164,352,347,354,464,242,244,234,242,241
1611428261.555091,353,343,358,464,242,244,235,244,242
1611428261.565051,352,346,357,468,242,243,229,239,240
1611428261.574959,353,342,360,469,242,242,235,241,239
1611428261.584921,352,348,357,468,242,242,234,242,239
1611428261.595132,352,346,358,469,244,245,233,242,238
1611428261.604782,352,341,357,468,242,243,233,242,242
1611428261.614954,346,346,347,465,242,244,234,242,242
1611428261.625371,354,347,358,469,245,243,235,242,242
1611428261.635297,356,348,358,464,241,244,235,242,242
1611428261.64497,352,346,357,469,243,244,234,244,242
1611428261.655638,354,347,358,464,242,244,234,244,242
1611428261.665188,352,344,352,456,242,243,230,242,242
1611428261.67501,352,352,360,469,244,241,228,241,240
1611428261.685343,355,344,354,469,244,238,230,239,242
1611428261.694826,353,346,355,470,243,243,234,242,237
1611428261.70503,352,346,356,464,244,244,234,244,243
1611428261.715263,345,349,360,472,242,242,234,242,243
1611428261.725158,357,354,360,474,242,244,234,242,242
1611428261.735174,351,348,363,470,239,244,235,244,244
1611428261.74509,356,346,360,469,243,245,235,241,242
1611428261.75496,355,350,360,472,238,244,232,242,238
1611428261.764927,354,347,360,469,243,242,234,242,242
1611428261.774868,352,352,362,474,242,244,234,242,244
1611428261.784877,353,352,362,475,244,244,234,243,243
1611428261.79538,360,349,364,476,243,239,229,239,242
1611428261.805156,354,349,361,469,244,241,230,242,242
1611428261.815085,358,346,360,469,244,243,232,241,244
1611428261.824874,353,349,359,472,242,244,234,242,242
1611428261.834868,356,353,362,469,241,243,236,242,243
1611428261.845144,358,352,360,474,239,245,232,243,241
1611428261.85526,357,343,360,474,241,245,234,242,242
1611428261.865044,357,349,360,471,244,239,234,243,243
1611428261.87493,354,348,360,474,242,239,230,244,244
1611428261.885177,352,348,360,470,244,245,235,244,243
1611428261.89532,354,352,360,466,244,244,235,244,244
1611428261.905042,352,346,360,470,244,245,234,244,244
1611428261.915158,353,349,362,470,242,242,234,243,240
1611428261.925127,352,345,353,464,243,242,234,242,242
1611428261.934871,352,346,357,468,242,242,232,244,243
1611428261.945124,352,342,354,464,237,242,234,242,242
1611428261.955168,357,349,357,474,240,244,235,244,242
1611428261.964782,356,352,362,469,243,239,234,240,239
1611428261.974938,356,352,361,469,242,245,234,244,244
1611428261.985052,352,349,360,466,242,242,234,242,237
1611428261.994985,356,347,360,468,243,245,235,244,242
1611428262.005202,353,349,358,469,238,243,235,243,237
1611428262.015063,354,349,362,469,242,245,234,244,242
1611428262.024984,354,346,360,469,237,244,233,242,242
1611428262.035028,354,346,359,469,241,241,232,241,242
1611428262.044849,354,346,362,470,242,243,234,242,242
1611428262.055419,350,349,357,466,241,244,234,242,242
1611428262.065156,353,350,360,470,244,244,235,243,244
1611428262.075131,352,349,354,464,238,242,234,242,242
1611428262.084734,353,349,357,470,241,242,234,242,243
1611428262.094785,357,349,361,472,244,245,234,242,240
1611428262.104954,354,349,362,474,244,244,234,242,242
1611428262.115181,355,353,360,469,242,244,233,242,242
1611428262.125438,354,346,362,474,244,242,233,242,241
1611428262.134944,354,344,361,468,242,244,234,244,239
1611428262.14519,353,352,361,469,242,243,234,242,242
1611428262.155142,353,349,361,472,242,245,234,242,238
1611428262.164948,354,349,364,470,242,238,229,243,242
1611428262.174997,354,346,356,464,240,242,234,242,243
1611428262.184973,354,349,358,468,241,241,233,242,238
1611428262.195268,352,344,360,468,241,242,234,242,242
1611428262.205181,353,349,360,469,244,244,229,238,238
1611428262.214992,354,349,360,470,242,242,233,241,241
1611428262.22473,357,341,362,472,241,242,234,242,242
1611428262.235299,354,342,360,470,243,242,229,239,242
1611428262.245235,352,349,362,474,244,241,229,239,242
1611428262.255421,352,346,362,472,243,243,230,240,238
1611428262.264857,354,349,360,469,242,244,234,241,238
1611428262.275126,352,347,355,464,239,240,234,242,241
1611428262.285143,356,349,360,464,238,245,233,241,237
1611428262.29548,352,346,354,464,243,242,230,240,242
1611428262.305067,354,352,362,470,238,243,234,242,241
1611428262.315464,354,349,362,470,244,245,234,242,241
1611428262.324911,349,349,352,459,241,241,233,242,241
1611428262.33531,355,347,358,472,243,244,233,242,242
1611428262.345151,352,349,354,468,242,244,234,238,238
1611428262.355112,353,344,358,469,244,245,235,243,242
1611428262.365121,353,349,360,470,244,244,234,242,242
1611428262.374888,352,348,362,472,244,245,234,242,242
1611428262.385241,354,352,362,468,243,244,234,244,243
1611428262.395123,357,352,360,470,242,245,234,242,244
1611428262.405401,357,349,362,469,242,244,234,242,243
1611428262.414963,352,349,357,466,242,242,234,242,242
1611428262.424902,357,349,360,468,242,244,234,244,244
1611428262.435363,352,347,362,471,243,244,234,241,242
1611428262.445097,346,344,360,469,242,243,234,242,242
1611428262.454887,349,347,362,469,242,239,229,240,242
1611428262.464791,354,350,362,468,244,245,234,242,241
1611428262.475332,354,349,362,459,244,244,234,244,242
1611428262.485355,346,349,357,466,242,242,234,242,244
1611428262.495211,346,349,362,469,245,238,229,239,242
1611428262.505502,357,350,362,468,244,242,234,243,242
1611428262.515427,352,346,360,466,244,245,229,238,238
1611428262.525001,354,349,357,466,239,244,234,242,242
1611428262.535042,345,349,357,468,241,242,234,242,242
1611428262.544977,355,349,362,466,242,242,234,242,242
1611428262.554981,350,344,362,468,242,238,229,242,243
1611428262.565411,354,342,360,468,242,244,234,240,239
1611428262.575371,354,349,360,470,244,244,235,244,238
1611428262.584975,354,346,357,468,244,244,232,239,237
1611428262.595343,354,346,360,466,242,238,229,242,243
1611428262.605276,354,346,357,466,242,244,235,244,244
1611428262.615062,354,347,360,466,243,241,232,240,243
1611428262.624739,348,346,357,464,242,244,234,244,243
1611428262.634845,354,345,357,464,243,244,234,242,238
1611428262.644871,354,345,357,458,238,243,234,238,237
1611428262.655028,354,346,353,464,241,241,233,242,241
1611428262.665463,356,349,361,464,242,242,234,244,241
1611428262.674988,352,349,360,468,244,244,234,242,241
1611428262.684923,346,349,357,466,242,244,235,244,244
1611428262.695198,355,346,360,466,244,243,235,244,243
1611428262.704925,354,349,357,469,244,245,234,242,242
1611428262.714719,353,342,361,466,242,244,229,238,238
1611428262.725188,354,347,358,458,239,239,234,242,242
1611428262.735006,352,346,352,459,239,242,232,241,239
1611428262.745494,346,347,358,464,244,242,234,242,242
1611428262.754932,352,349,360,465,243,244,229,240,238
1611428262.765124,354,346,354,464,242,244,235,242,242
1611428262.774916,347,349,357,459,242,243,234,242,241
1611428262.784906,352,346,360,464,244,244,234,242,242
1611428262.794912,346,341,357,461,244,245,234,243,242
1611428262.80518,354,352,360,468,242,244,233,242,242
1611428262.814745,354,347,362,466,244,242,230,243,243
1611428262.825216,353,349,360,466,244,242,234,242,242
1611428262.835309,349,344,355,464,244,245,229,242,242
1611428262.845167,352,347,350,458,238,243,234,244,243
1611428262.854891,349,344,357,464,241,241,234,242,243
1611428262.865088,352,346,357,464,242,244,234,242,243
1611428262.875193,346,346,352,458,242,244,235,244,244
1611428262.885073,352,343,354,458,244,242,234,242,242
1611428262.894948,350,342,352,459,243,244,234,238,238
1611428262.904675,346,343,357,457,239,244,234,242,238
1611428262.915067,352,345,354,459,243,245,234,242,243
1611428262.925348,349,346,352,458,237,241,235,243,244
1611428262.934976,350,344,350,458,239,242,233,244,242
1611428262.94486,346,346,357,456,244,245,234,242,244
1611428262.955325,348,344,353,458,244,245,229,241,242
1611428262.965134,349,343,357,464,239,244,230,242,242
1611428262.974796,352,346,360,464,243,244,234,244,242
1611428262.984909,349,348,356,459,244,245,234,242,244
1611428262.995014,352,346,360,464,244,244,234,242,242
1611428263.005173,352,346,357,468,244,245,234,243,242
1611428263.014908,352,341,349,458,238,239,234,244,240
1611428263.024728,346,338,357,464,243,244,234,243,242
1611428263.035076,349,346,358,464,245,245,235,244,242
1611428263.044973,351,338,349,465,242,242,230,241,242
1611428263.055064,346,347,357,464,242,242,234,242,243
1611428263.064907,352,342,353,464,237,245,234,244,244
1611428263.075186,352,346,357,464,243,245,234,242,242
1611428263.085328,346,341,354,464,244,237,229,239,242
1611428263.095206,352,346,356,464,240,245,234,244,244
1611428263.105085,354,343,353,464,245,242,235,242,242
1611428263.114801,349,344,355,464,243,244,236,243,242
1611428263.124718,347,341,358,461,244,242,235,239,237
1611428263.135024,351,338,355,465,243,243,234,242,242
1611428263.145394,349,342,355,458,238,245,234,244,244
1611428263.155559,349,349,360,469,245,239,229,244,244
1611428263.1653,353,346,354,459,244,245,235,244,244
1611428263.174684,350,346,358,469,245,242,234,242,242
1611428263.185029,356,349,360,465,242,244,234,244,244
1611428263.19489,354,349,360,469,243,244,234,244,243
1611428263.204881,353,352,362,464,244,242,233,243,243
1611428263.214932,346,349,363,470,245,244,234,245,244
1611428263.224977,354,349,360,465,240,244,235,243,243
1611428263.235562,357,352,362,468,245,245,235,244,243
1611428263.245446,354,352,362,469,245,245,234,242,239
1611428263.255038,357,349,360,469,244,245,235,244,238
1611428263.265033,354,349,355,464,237,244,234,245,242
1611428263.274826,354,350,354,466,242,244,235,244,244
1611428263.28491,354,349,360,470,244,245,235,242,242
1611428263.295002,353,349,362,465,244,241,234,245,245
1611428263.305033,354,346,361,469,245,242,229,244,244
1611428263.315112,353,350,360,468,244,245,235,242,243
1611428263.32502,352,349,360,466,245,245,230,242,243
1611428263.334965,353,349,362,466,245,245,235,242,244
1611428263.344901,352,343,356,464,243,245,231,240,245
1611428263.354762,353,347,362,469,244,240,229,241,242
1611428263.364999,354,352,362,470,244,244,234,245,245
1611428263.374999,352,347,360,469,245,245,234,245,243
1611428263.385043,347,352,357,465,245,244,236,242,242
1611428263.394854,353,349,362,466,244,245,235,244,242
1611428263.405064,356,350,362,469,245,243,233,245,245
1611428263.415197,352,350,356,469,242,245,235,244,244
1611428263.425213,357,349,362,469,241,242,234,245,244
1611428263.434721,354,346,353,472,245,241,235,245,245
1611428263.445354,356,349,362,472,244,245,235,244,244
1611428263.454823,355,350,360,472,241,244,235,244,242
1611428263.464866,349,349,360,474,243,245,235,245,242
1611428263.475346,352,346,357,469,245,244,235,244,243
1611428263.485,357,346,360,474,245,242,232,244,242
1611428263.495096,353,344,362,472,245,245,234,239,238
1611428263.505035,353,349,357,474,245,245,235,243,243
1611428263.51501,354,350,362,472,244,245,235,245,243
1611428263.525113,356,349,362,474,244,245,235,243,244
1611428263.535083,353,346,358,472,245,242,229,245,245
1611428263.544931,357,350,362,469,244,245,235,244,242
1611428263.554705,350,349,360,468,244,245,236,239,238
1611428263.564575,355,352,362,472,245,239,232,241,238
1611428263.574765,356,346,358,469,244,245,235,244,242
1611428263.584878,354,344,353,464,243,245,235,244,241
1611428263.594853,356,349,360,471,245,245,235,244,243
1611428263.605008,349,349,362,472,243,245,235,244,244
1611428263.615252,354,349,362,472,242,245,236,245,243
1611428263.625103,352,350,362,470,245,245,235,244,242
1611428263.635165,354,349,362,472,244,245,235,245,244
1611428263.645244,357,352,362,466,239,240,234,244,242
1611428263.655197,354,349,362,472,244,244,235,243,242
1611428263.665193,352,352,360,472,244,245,234,241,240
1611428263.675217,352,352,362,474,242,245,236,244,243
1611428263.685219,350,352,362,474,245,245,236,244,244
1611428263.695179,352,353,363,465,242,244,234,239,245
1611428263.705146,357,352,360,474,245,246,236,244,239
1611428263.714664,357,347,362,474,245,244,234,243,244
1611428263.725679,356,352,354,464,246,245,237,245,245
1611428263.735431,355,350,362,474,245,245,235,244,243
1611428263.745193,354,349,360,470,245,245,236,245,242
1611428263.755365,350,347,362,469,238,245,234,245,245
1611428263.76489,354,350,360,472,244,240,229,245,244
1611428263.774746,352,347,357,466,241,245,234,239,242
1611428263.784808,354,347,360,464,241,243,234,244,242
1611428263.795248,349,341,352,471,239,242,233,242,242
1611428263.805253,344,346,358,465,241,241,234,242,240
1611428263.815221,347,341,351,458,238,241,233,243,241
1611428263.82483,341,340,350,464,237,239,232,239,237
1611428263.835044,346,346,352,457,234,238,229,238,237
1611428263.844988,338,342,349,458,231,235,229,237,234
1611428263.854953,331,333,342,450,229,234,225,237,233
1611428263.865224,328,330,342,456,229,230,224,234,230
1611428263.875081,329,333,337,442,225,229,222,232,229
1611428263.884975,325,330,340,440,225,230,222,232,229
1611428263.895179,326,331,337,437,221,227,220,229,226
1611428263.905091,315,327,333,432,215,227,219,229,226
1611428263.915022,306,328,330,426,210,223,219,228,223
1611428263.924804,301,328,326,421,206,221,218,227,219
1611428263.934951,298,323,325,419,203,217,217,226,217
1611428263.944748,293,322,318,410,197,214,215,224,214
1611428263.955399,288,320,316,416,194,210,213,224,210
1611428263.965132,284,320,312,405,191,207,210,221,208
1611428263.975194,280,316,310,400,185,203,208,219,205
1611428263.985467,274,312,305,394,181,201,206,218,203
1611428263.99506,270,311,301,389,172,198,203,217,202
1611428264.005102,269,309,299,363,159,197,202,215,200
1611428264.014788,261,309,296,341,147,193,200,214,197
1611428264.024781,261,310,298,314,136,191,197,212,196
1611428264.035107,256,310,296,288,128,189,196,210,193
1611428264.045406,238,305,294,250,124,186,195,210,192
1611428264.055596,224,306,290,229,122,183,192,208,190
1611428264.065568,212,304,288,218,121,181,192,209,190
1611428264.075099,197,304,285,218,122,178,189,208,190
1611428264.084893,191,304,282,213,126,175,189,205,189
1611428264.09487,183,302,276,210,130,173,188,205,188
1611428264.10458,174,301,269,208,133,171,187,205,186
1611428264.114966,166,298,258,208,137,169,185,203,186
1611428264.125021,157,296,240,208,138,168,185,203,184
1611428264.135031,144,296,224,212,133,168,182,203,182
1611428264.145169,129,294,202,213,128,168,181,201,181
1611428264.155005,110,293,176,216,123,169,182,200,176
1611428264.165017,103,290,142,224,118,169,178,197,170
1611428264.175199,97,288,117,233,113,168,179,198,160
1611428264.184982,94,288,108,244,107,168,178,197,150
1611428264.195013,93,284,104,256,102,168,178,197,144
1611428264.20518,90,283,98,259,96,166,177,197,138
1611428264.215136,91,284,92,266,93,166,176,195,133
1611428264.225005,89,281,90,270,90,166,177,195,130
1611428264.235061,90,280,86,277,85,165,176,196,125
1611428264.245032,89,281,82,288,78,165,176,196,116
1611428264.255127,88,276,78,304,71,162,175,194,103
1611428264.265138,86,273,78,326,65,160,174,194,86
1611428264.274899,83,273,80,346,59,158,176,193,71
1611428264.284833,84,276,112,362,55,154,174,192,60
1611428264.295406,84,293,243,376,53,144,177,189,43
1611428264.305071,98,304,289,389,50,129,176,186,35
1611428264.315065,130,307,303,391,49,91,176,189,38
1611428264.324944,193,314,310,404,45,40,174,197,131
1611428264.335013,233,312,312,401,45,31,173,202,177
1611428264.345127,257,313,314,405,47,58,176,208,193
1611428264.355092,269,314,315,402,64,129,179,210,197
1611428264.364742,274,311,312,402,89,158,181,211,198
1611428264.375414,274,314,314,405,114,169,182,211,202
1611428264.385462,277,318,317,405,136,174,184,213,202
1611428264.39528,282,317,315,406,150,178,185,213,202
1611428264.405143,279,316,312,400,159,181,186,213,202
1611428264.415198,278,317,310,400,164,183,186,212,203
1611428264.425388,277,314,309,395,165,184,186,213,202
1611428264.435089,277,314,310,396,168,186,188,213,203
1611428264.444802,274,316,310,397,170,187,187,214,203
1611428264.45478,277,312,309,397,170,186,189,213,203
1611428264.46509,277,312,309,397,171,186,188,214,204
1611428264.474952,279,314,306,397,172,189,189,213,203
1611428264.485318,280,313,308,400,170,187,188,213,204
1611428264.495349,279,314,310,400,170,188,191,214,205
1611428264.505256,283,315,314,404,170,190,191,213,206
1611428264.515099,279,311,311,406,170,190,192,214,205
1611428264.525069,283,314,313,416,170,190,193,213,206
1611428264.535246,288,317,320,410,172,192,196,214,208
1611428264.544871,288,314,320,410,176,192,197,215,206
1611428264.555366,290,317,318,420,178,196,197,217,209
1611428264.565396,292,319,322,421,181,200,202,219,210
1611428264.574979,298,319,321,425,185,203,204,220,213
1611428264.584855,296,322,325,428,191,208,205,221,214
1611428264.594872,301,325,320,426,197,210,208,221,215
1611428264.604894,308,321,330,433,202,212,211,224,218
1611428264.615225,312,327,336,432,205,216,215,227,219
1611428264.625251,317,336,337,438,209,221,221,230,223
1611428264.635085,323,341,345,443,215,227,222,234,229
1611428264.645183,330,341,347,442,225,231,223,235,232
1611428264.654936,336,341,349,454,228,232,225,235,233
1611428264.664896,336,341,349,454,230,234,226,238,236
1611428264.674711,344,344,351,458,234,238,230,238,236
1611428264.684853,346,348,358,466,237,240,233,242,236
1611428264.694692,352,349,362,467,241,241,234,239,237
1611428264.704911,349,349,358,464,242,242,234,240,239
1611428264.715065,352,349,360,469,242,244,235,244,242
1611428264.725104,352,346,354,465,242,244,234,244,244
1611428264.735019,349,347,356,464,242,243,234,243,242
1611428264.744957,355,346,362,467,245,244,235,245,244
1611428264.754745,354,342,362,469,245,245,235,244,244
1611428264.764828,354,349,360,470,244,246,235,245,244
1611428264.774869,357,347,358,470,244,239,230,244,243
1611428264.785117,347,346,357,468,240,241,231,243,242
1611428264.794811,354,347,360,470,245,239,230,242,241
1611428264.804693,354,349,362,472,244,245,234,245,244
1611428264.814884,357,349,358,470,245,245,229,239,242
1611428264.825291,356,349,362,472,245,245,231,241,239
1611428264.83518,342,348,360,474,245,244,236,240,239
1611428264.84516,350,347,362,469,240,245,235,245,244
1611428264.855077,353,350,360,472,245,242,235,244,242
1611428264.865194,352,349,360,469,242,245,236,242,242
1611428264.874991,348,345,354,458,239,239,233,242,244
1611428264.885067,354,348,360,466,245,243,234,244,242
1611428264.895221,354,346,358,466,244,245,235,244,244
1611428264.90501,352,343,358,474,244,245,234,245,244
1611428264.914711,355,346,360,474,245,246,235,243,244
1611428264.925078,357,352,362,473,240,242,234,242,239
1611428264.935049,354,349,360,469,245,246,231,242,242
1611428264.945501,357,347,357,468,243,240,229,245,245
1611428264.955305,349,349,357,464,240,242,234,244,243
1611428264.96506,354,350,362,464,244,245,234,241,243
1611428264.974873,352,349,358,468,242,245,234,245,245
1611428264.985097,356,352,348,459,244,244,237,244,240
1611428264.995184,354,349,357,464,243,245,237,239,239
1611428265.004991,352,349,360,470,245,245,236,245,244
1611428265.015198,354,352,354,468,245,246,236,245,242
1611428265.025223,354,349,360,466,244,245,234,244,242
1611428265.035169,353,346,360,471,244,244,234,244,240
1611428265.045155,350,353,363,472,245,238,237,242,244
1611428265.055091,357,349,362,472,245,245,235,243,245
1611428265.065126,352,344,362,472,244,245,236,245,244
1611428265.075616,354,352,362,471,244,243,232,243,244
1611428265.084966,346,352,363,474,245,244,234,244,244
1611428265.095033,358,352,361,472,244,245,235,245,245
1611428265.104931,349,349,360,474,244,245,234,242,244
1611428265.114876,357,352,360,474,245,246,235,245,244
1611428265.125045,357,352,362,474,245,245,235,244,240
1611428265.13484,354,349,357,469,241,244,236,244,244
1611428265.144918,356,349,360,472,244,244,234,243,244
1611428265.154977,350,352,360,472,238,244,233,245,244
1611428265.165104,353,349,362,474,245,244,235,245,243
1611428265.175167,357,346,362,472,245,246,234,243,245
1611428265.185341,357,349,365,471,244,240,233,241,241
1611428265.195157,358,352,358,468,238,244,234,242,245
1611428265.20541,352,346,366,469,245,239,235,244,245
1611428265.215186,354,347,363,472,245,246,236,245,245
1611428265.224964,357,350,363,470,245,240,230,241,242
1611428265.23477,357,352,362,469,245,246,235,244,243
1611428265.244894,349,352,362,470,245,245,235,244,242
1611428265.254925,357,352,362,469,245,246,236,239,239
1611428265.265103,357,352,363,469,245,244,235,245,243
1611428265.2752,355,347,357,464,245,246,237,241,242
1611428265.284978,357,352,360,474,245,246,236,244,245
1611428265.295282,357,351,362,470,244,239,230,240,242
1611428265.304855,357,352,365,474,243,245,235,245,244
1611428265.314921,358,354,365,474,244,245,235,244,244
1611428265.324767,352,354,364,468,238,239,234,243,242
1611428265.334778,357,352,360,464,241,243,234,244,244
1611428265.345366,357,347,357,464,244,245,235,244,244
1611428265.355066,352,352,360,464,245,245,235,243,242
1611428265.36479,354,349,357,464,244,245,235,244,244
1611428265.374831,353,344,357,466,244,245,234,244,244
1611428265.384932,352,350,362,468,245,239,233,242,243
1611428265.395048,354,352,356,464,243,243,236,245,244
1611428265.405131,354,346,357,469,245,245,235,245,244
1611428265.415136,354,349,362,474,245,241,229,244,242
1611428265.424896,356,352,362,470,244,245,236,245,245
1611428265.435282,354,344,362,469,244,242,232,242,243
1611428265.444709,353,338,352,472,244,245,234,242,245
1611428265.454938,346,350,357,468,242,245,236,244,245
1611428265.465152,352,348,360,464,243,238,232,242,244
1611428265.475361,349,349,357,465,244,245,236,244,243
1611428265.485092,349,348,358,466,245,244,235,245,245
1611428265.494865,352,347,353,469,244,244,236,244,245
1611428265.504736,352,347,357,464,245,245,237,245,241
1611428265.514756,353,349,357,464,245,245,237,245,243
1611428265.524954,352,346,360,469,245,245,234,245,245
1611428265.534792,352,348,360,466,241,245,234,244,243
1611428265.544654,353,348,362,470,245,239,232,244,242
1611428265.55495,352,352,362,469,244,245,237,245,241
1611428265.565132,357,354,362,470,245,246,236,245,241
1611428265.575551,357,352,360,464,244,245,236,245,242
1611428265.585013,355,352,362,470,243,245,235,244,244
1611428265.594913,353,347,362,474,245,245,237,239,242
1611428265.604845,349,352,360,469,244,245,237,245,245
1611428265.615218,354,352,362,469,243,246,234,240,243
1611428265.625184,357,350,362,469,242,240,232,239,243
1611428265.635024,357,352,363,474,244,244,235,245,245
1611428265.644954,354,349,362,474,245,246,236,244,245
1611428265.654682,352,352,354,469,239,242,234,244,244
1611428265.665106,354,352,362,474,245,245,230,242,239
1611428265.674976,360,353,362,471,244,245,236,243,244
1611428265.685115,355,354,362,472,244,245,236,244,245
1611428265.694907,357,352,357,468,240,245,237,244,244
1611428265.704935,352,352,361,468,244,244,236,244,244
1611428265.714805,349,349,358,474,245,245,235,244,244
1611428265.726052,354,352,362,474,245,244,235,245,244
1611428265.735299,357,354,362,469,245,245,234,242,242
1611428265.745256,357,352,362,468,241,246,235,245,238
1611428265.755305,357,352,363,470,245,245,236,244,242
1611428265.765319,357,352,360,464,245,245,236,244,243
1611428265.775072,354,352,360,469,245,245,235,242,240
1611428265.78495,356,352,362,474,245,245,235,244,244
1611428265.795225,353,352,362,472,244,240,230,244,244
1611428265.805531,357,352,360,471,242,244,235,245,244
1611428265.814808,353,346,357,468,245,245,235,243,242
1611428265.825194,357,346,362,465,245,245,236,244,245
1611428265.835251,357,351,357,468,244,246,235,244,242
1611428265.845223,354,347,363,473,245,243,236,244,245
1611428265.855078,355,352,362,464,245,245,234,242,244
1611428265.865057,356,352,366,472,242,241,230,245,244
1611428265.875157,354,347,356,464,244,245,236,245,245
1611428265.884988,357,354,362,474,245,240,233,244,243
1611428265.894931,357,352,362,474,245,241,232,242,244
1611428265.904728,352,348,357,465,245,244,235,244,243
1611428265.915378,353,352,362,474,245,246,235,244,244
1611428265.925069,347,341,353,464,241,245,234,245,244
1611428265.935213,354,344,362,464,245,245,235,244,244
1611428265.944871,353,348,360,464,245,246,236,245,245
1611428265.955241,354,348,357,465,244,244,237,239,238
1611428265.965581,344,344,362,466,244,242,230,244,245
1611428265.975253,352,349,357,464,244,245,234,239,239
1611428265.985281,349,349,357,468,244,244,234,245,243
1611428265.995047,354,352,360,469,244,245,235,245,245
1611428266.004989,354,346,357,466,245,246,235,245,244
1611428266.014761,354,349,357,457,245,245,235,245,245
1611428266.024902,350,352,360,464,244,245,237,240,239
1611428266.034843,352,347,359,464,239,246,236,245,242
1611428266.045029,354,349,358,469,245,245,235,245,244
1611428266.055466,354,352,357,470,245,245,236,244,240
1611428266.065139,357,352,362,470,242,245,235,245,239
1611428266.074771,353,350,362,472,244,244,234,244,243
1611428266.085063,350,354,362,474,245,246,235,242,244
1611428266.094875,356,350,362,472,244,245,237,245,245
1611428266.104806,356,352,362,475,245,245,234,243,244
1611428266.11467,358,346,362,470,245,245,235,245,245
1611428266.124942,353,352,363,470,245,241,231,239,245
1611428266.135225,354,352,360,469,244,245,236,245,245
1611428266.144846,353,352,362,469,246,244,234,244,244
1611428266.155098,354,352,357,466,245,244,237,245,243
1611428266.164869,349,341,355,464,245,245,235,245,239
1611428266.175055,354,350,357,468,244,245,233,241,244
1611428266.184963,352,349,362,470,245,245,237,245,245
1611428266.194986,353,352,362,469,245,245,236,245,244
1611428266.205014,356,347,362,468,245,239,230,245,238
1611428266.214781,354,350,360,473,245,245,235,245,245
1611428266.224833,354,349,360,457,241,243,235,245,244
1611428266.235146,350,349,358,468,245,246,232,241,245
1611428266.24513,348,349,357,468,245,245,236,245,244
1611428266.254912,357,347,362,472,244,242,235,244,244
1611428266.264953,357,349,357,465,245,246,236,243,242
1611428266.274893,352,349,362,468,245,245,236,245,245
1611428266.285105,355,352,362,469,245,245,237,245,244
1611428266.295236,348,352,357,469,245,239,230,241,242
1611428266.305537,353,352,363,474,241,245,235,245,242
1611428266.31526,353,349,352,454,238,243,234,241,245
1611428266.325015,358,352,363,464,246,245,237,244,244
1611428266.335111,349,348,363,467,244,244,237,245,244
1611428266.345033,355,352,360,469,245,245,235,245,245
1611428266.354895,349,347,359,470,244,244,234,244,242
1611428266.3651,354,349,360,469,245,246,235,245,244
1611428266.375169,345,352,354,463,245,246,235,243,244
1611428266.384845,352,346,359,474,245,245,235,245,245
1611428266.39476,354,354,357,468,244,245,237,245,244
1611428266.404767,355,346,363,474,245,245,237,245,241
1611428266.414751,360,354,365,475,244,245,237,245,245
1611428266.425076,360,352,365,474,245,245,235,245,245
1611428266.434855,360,354,365,477,245,245,235,242,241
1611428266.444931,354,353,363,477,245,245,234,244,245
1611428266.454871,357,354,365,472,241,244,235,245,244
1611428266.464702,347,347,361,476,245,245,237,244,244
1611428266.47496,357,347,353,469,240,243,235,244,245
1611428266.485479,352,350,357,468,241,242,235,244,244
1611428266.494915,350,351,359,464,245,246,235,244,245
1611428266.50484,353,344,365,474,245,245,235,245,245
1611428266.514947,349,352,360,471,244,241,237,245,245
1611428266.525098,357,352,362,469,244,242,237,245,241
1611428266.535389,356,346,360,474,244,245,234,244,244
1611428266.545176,352,352,360,469,245,245,236,245,245
1611428266.55482,354,347,360,467,245,241,231,242,243
1611428266.564911,354,349,362,470,245,246,237,245,244
1611428266.574888,357,345,357,464,243,243,235,244,242
1611428266.584892,353,346,362,472,244,244,237,245,244
1611428266.595178,357,346,362,469,245,245,232,239,245
1611428266.605253,354,352,357,469,239,246,235,245,245
1611428266.61516,357,348,362,470,245,244,235,243,242
1611428266.624718,356,344,354,471,245,246,237,245,245
1611428266.634986,353,345,365,468,245,245,234,242,241
1611428266.644798,349,351,357,464,240,245,236,243,242
1611428266.655176,355,349,354,461,239,246,235,244,245
1611428266.665705,352,346,356,464,245,246,235,245,245
1611428266.675117,352,346,357,465,244,244,232,242,244
1611428266.685128,353,349,357,466,244,244,235,245,244
1611428266.694897,354,349,360,467,245,243,234,241,242
1611428266.704815,352,349,360,464,245,244,233,245,244
1611428266.71474,350,350,362,469,245,245,236,244,244
1611428266.725244,349,352,352,464,245,245,235,244,244
1611428266.734834,349,349,360,468,244,245,235,245,245
1611428266.74495,346,352,360,468,244,245,229,241,241
1611428266.755219,352,350,358,464,244,244,237,245,245
1611428266.764942,353,347,360,464,241,242,234,244,242
1611428266.774878,353,349,360,469,245,245,236,245,245
1611428266.785072,353,347,360,465,239,242,233,244,245
1611428266.795082,352,349,360,464,241,244,234,245,245
1611428266.804744,352,350,360,469,244,244,233,242,240
1611428266.814826,354,349,357,466,245,245,236,245,244
1611428266.824951,342,342,356,464,244,241,230,242,243
1611428266.83517,348,342,353,461,244,245,237,246,244
1611428266.8451,346,340,354,470,244,244,235,242,239
1611428266.854796,352,346,355,464,245,245,235,245,245
1611428266.864951,346,349,357,466,244,245,235,242,239
1611428266.87474,344,346,352,464,245,245,235,245,245
1611428266.885056,352,352,357,464,245,244,235,242,239
1611428266.895109,354,341,362,469,245,245,237,240,245
1611428266.905379,354,349,360,469,244,245,235,245,243
1611428266.915186,354,346,352,464,239,245,233,245,245
1611428266.925008,354,346,356,465,245,242,233,245,244
1611428266.934844,352,347,356,469,242,243,235,244,244
1611428266.945066,354,352,360,470,245,245,235,243,242
1611428266.955284,355,349,358,464,244,245,236,244,243
1611428266.964838,353,347,358,469,245,245,236,240,245
1611428266.974653,352,346,358,469,244,246,237,245,245
1611428266.984813,354,352,357,468,244,245,235,245,244
1611428266.994899,353,349,360,469,245,245,237,245,244
1611428267.004953,352,342,357,465,245,245,236,245,242
1611428267.015102,353,348,360,472,246,245,237,244,244
1611428267.024897,352,350,360,469,245,245,236,244,244
1611428267.035179,354,345,358,470,245,245,236,245,244
1611428267.04499,354,346,354,465,244,242,237,244,243
1611428267.054945,353,342,354,465,244,245,229,239,245
1611428267.065239,354,347,360,464,244,245,237,245,238
1611428267.074907,346,344,360,473,245,245,237,245,245
1611428267.08515,353,349,357,469,244,244,237,242,242
1611428267.095015,353,347,360,464,246,246,237,245,245
1611428267.104691,352,352,361,469,245,244,235,245,245
1611428267.114972,354,344,352,464,244,245,235,245,242
1611428267.125108,352,349,362,470,242,245,232,245,242
1611428267.13529,354,352,355,469,244,245,236,244,244
1611428267.144719,357,352,362,464,239,246,235,246,240
1611428267.155594,353,350,362,469,242,245,235,245,244
1611428267.165142,354,350,360,470,244,245,235,245,245
1611428267.175214,348,349,360,470,245,243,234,245,244
1611428267.184857,357,352,360,472,245,242,233,243,244
1611428267.195499,353,352,358,469,244,245,235,245,242
1611428267.205196,353,349,362,466,245,244,234,244,245
1611428267.215057,354,350,357,469,245,246,233,244,244
1611428267.22528,357,349,360,470,245,240,235,245,244
1611428267.235238,354,349,360,469,244,245,237,239,242
1611428267.244768,354,352,357,469,244,245,236,244,245
1611428267.254966,353,349,358,469,244,245,235,244,242
1611428267.265011,352,349,360,469,246,244,235,242,242
1611428267.274993,352,347,357,464,245,245,235,244,244
1611428267.285226,346,349,358,464,245,246,236,245,245
1611428267.295035,352,347,360,464,244,246,237,244,244
1611428267.30507,347,349,360,464,244,245,236,245,245
1611428267.315204,352,346,357,466,242,245,234,242,244
1611428267.325114,352,344,358,465,245,245,237,245,245
1611428267.335028,349,347,357,464,245,246,237,245,245
1611428267.345673,353,341,352,459,243,245,235,245,243
1611428267.354825,354,347,357,468,244,245,235,245,245
1611428267.364736,353,347,357,464,243,245,237,245,244
1611428267.375294,354,344,354,460,240,242,235,244,245
1611428267.385282,357,351,362,474,244,244,233,245,244
1611428267.395102,360,352,362,472,245,245,231,245,245
1611428267.405932,360,354,360,469,242,245,235,245,243
1611428267.414865,357,352,364,469,245,242,233,242,242
1611428267.424871,352,347,354,464,242,246,236,245,245
1611428267.43511,354,355,365,475,242,242,230,245,245
1611428267.444931,357,357,365,474,239,246,235,245,244
1611428267.455153,362,354,365,474,246,245,236,245,244
1611428267.465368,360,352,362,474,245,245,237,244,243
1611428267.475255,358,353,362,474,245,245,236,244,244
1611428267.48518,357,352,363,469,245,246,237,245,244
1611428267.494846,352,352,362,469,239,246,235,245,245
1611428267.504707,356,348,360,464,245,245,236,245,244
1611428267.514906,352,347,362,464,246,245,237,244,244
1611428267.52493,353,350,357,468,243,246,235,244,241
1611428267.535086,356,349,362,468,244,245,237,246,244
1611428267.544958,356,349,354,459,239,244,235,244,245
1611428267.554891,354,350,362,469,245,245,236,244,241
1611428267.564987,354,349,357,469,242,244,233,245,245
1611428267.575264,352,350,360,464,245,245,236,242,239
1611428267.585215,352,349,360,465,241,245,235,245,244
1611428267.59518,352,347,360,464,242,245,235,245,242
1611428267.605548,352,349,359,469,246,245,237,245,245
1611428267.615208,349,349,357,464,245,245,236,244,244
1611428267.625268,352,344,362,469,246,245,237,245,239
1611428267.63542,344,346,360,466,245,245,235,241,239
1611428267.645308,354,352,361,464,244,244,235,245,245
1611428267.654932,356,349,360,464,244,245,237,246,245
1611428267.66533,353,349,360,464,245,245,237,243,242
1611428267.674917,352,347,358,465,245,245,237,244,241
1611428267.685106,356,350,358,466,245,246,235,245,244
1611428267.694806,354,352,360,465,242,241,230,239,244
1611428267.705229,354,349,352,464,245,245,237,244,242
1611428267.715121,354,349,352,465,246,246,236,242,241
1611428267.725043,354,352,362,469,245,244,233,245,244
1611428267.734919,355,352,360,469,246,246,237,245,244
1611428267.745409,353,347,357,464,244,245,237,246,245
1611428267.755394,352,347,358,465,245,246,236,244,239
1611428267.765319,349,347,360,465,243,245,236,245,240
1611428267.775341,354,349,357,464,242,245,236,245,245
1611428267.785307,348,349,357,468,240,240,236,245,244
1611428267.794964,354,347,360,464,245,246,237,245,243
1611428267.805577,349,342,357,466,245,246,234,242,244
1611428267.815273,352,346,360,468,246,246,230,242,244
1611428267.825123,354,349,357,464,245,245,235,244,243
1611428267.835156,353,349,360,465,242,245,237,244,245
1611428267.845347,349,349,360,463,245,246,237,245,244
1611428267.85521,352,346,354,464,245,246,235,245,244
1611428267.864944,352,344,355,464,242,246,236,246,245
1611428267.875571,353,349,361,464,245,246,232,241,242
1611428267.885186,352,352,360,466,245,246,237,245,246
1611428267.895031,354,349,360,468,244,245,235,245,244
1611428267.905416,356,346,357,456,246,245,237,245,245
1611428267.915044,355,350,360,468,244,245,235,244,245
1611428267.925254,353,352,357,464,245,241,234,245,244
1611428267.935311,357,349,360,466,246,245,237,244,240
1611428267.944892,354,349,362,469,245,242,232,242,241
1611428267.954999,357,348,358,465,244,245,236,246,242
1611428267.965407,350,344,362,466,245,242,232,244,244
1611428267.975031,354,348,362,464,246,246,234,242,244
1611428267.984702,357,344,359,466,245,245,237,245,245
1611428267.994874,354,349,362,465,246,246,237,245,245
1611428268.004824,347,352,362,466,245,246,234,243,244
1611428268.015016,353,349,360,466,245,245,230,242,245
1611428268.025032,354,349,362,466,245,244,233,244,244
1611428268.035057,357,349,362,469,245,239,232,245,244
1611428268.045025,354,352,362,470,245,245,237,245,245
1611428268.055407,357,352,360,472,243,244,232,246,245
1611428268.065566,346,352,362,469,245,246,236,245,245
1611428268.074906,350,349,357,458,242,245,235,244,242
1611428268.084862,352,349,362,474,245,246,237,245,245
1611428268.094966,357,352,360,464,245,246,237,239,245
1611428268.105013,354,346,362,465,245,240,231,245,244
1611428268.115543,349,352,354,464,242,245,236,245,245
1611428268.12509,354,349,358,467,246,246,232,240,245
1611428268.134992,352,346,357,466,245,244,235,245,245
1611428268.145011,354,353,360,468,245,245,236,245,244
1611428268.154919,354,346,357,464,244,245,237,245,241
1611428268.165408,353,341,357,459,245,246,237,245,240
1611428268.175084,354,352,362,464,245,245,235,244,242
1611428268.185073,354,352,362,464,243,242,234,244,244
1611428268.195057,356,341,360,465,245,245,234,244,244
1611428268.205209,352,349,358,459,245,245,237,244,244
1611428268.215416,355,349,360,464,245,246,237,245,245
1611428268.225143,346,344,360,458,246,246,237,245,245
1611428268.235355,349,349,356,459,242,242,233,245,244
1611428268.245077,345,346,360,464,245,245,235,246,245
1611428268.255377,346,346,356,464,246,246,236,245,245
1611428268.264924,354,349,352,456,246,245,236,245,245
1611428268.275003,349,344,358,465,246,247,237,245,244
1611428268.285054,352,345,356,459,246,245,237,245,245
1611428268.294786,354,346,355,459,245,246,237,245,245
1611428268.305017,352,344,358,464,245,242,234,242,245
1611428268.314825,349,341,362,464,245,245,237,246,245
1611428268.325009,346,352,360,466,246,246,237,245,245
1611428268.33511,352,348,354,458,242,245,233,242,243
1611428268.345121,352,346,360,468,246,245,237,244,244
1611428268.354962,349,352,360,464,245,246,237,245,245
1611428268.365233,353,346,354,464,246,246,235,245,241
1611428268.374896,354,344,354,464,245,246,237,246,245
1611428268.385124,354,350,358,461,242,244,236,246,245
1611428268.395438,354,349,360,466,245,245,237,246,244
1611428268.40541,355,349,360,464,245,245,236,245,245
1611428268.415085,354,349,362,464,245,245,235,245,245
1611428268.425492,352,346,357,465,246,245,237,245,245
1611428268.435123,352,342,359,464,245,246,237,245,245
1611428268.445194,346,347,357,464,245,241,232,245,244
1611428268.45536,354,349,358,464,245,245,237,245,245
1611428268.465147,346,342,357,464,245,245,235,244,242
1611428268.474926,352,348,360,465,245,242,232,245,245
1611428268.484906,352,349,354,459,245,246,237,245,245
1611428268.494858,349,346,363,465,245,245,237,245,244
1611428268.50518,352,347,360,464,245,246,232,246,246
1611428268.514973,352,346,357,469,246,244,232,246,245
1611428268.525093,352,346,357,464,245,246,235,245,245
1611428268.535282,349,346,360,469,245,245,236,245,242
1611428268.545151,356,347,354,458,242,245,237,245,245
1611428268.55472,354,349,357,464,245,246,237,245,245
1611428268.565157,356,346,354,464,242,245,235,243,244
1611428268.575248,352,346,360,466,246,244,233,241,240
1611428268.584947,352,347,359,468,245,242,234,243,245
1611428268.59467,352,342,354,464,246,246,237,245,244
1611428268.604741,346,346,358,459,239,241,235,245,244
1611428268.614696,352,346,357,464,244,246,236,246,244
1611428268.625014,352,346,353,458,245,245,237,245,246
1611428268.635162,354,349,361,456,240,241,235,245,242
1611428268.644766,352,347,360,464,245,246,237,245,244
1611428268.655585,352,349,353,458,244,245,237,241,245
1611428268.665376,354,352,357,464,245,246,236,244,244
1611428268.675385,352,346,357,464,241,246,237,245,245
1611428268.685101,353,348,362,459,246,246,233,245,245
1611428268.694806,352,347,357,464,246,242,237,246,245
1611428268.704823,354,350,354,469,246,246,237,245,245
1611428268.714916,352,352,362,469,244,245,237,245,245
1611428268.725267,355,347,362,466,245,242,233,243,245
1611428268.735031,357,346,360,466,245,246,230,242,242
1611428268.745043,357,349,360,466,239,246,234,245,242
1611428268.754775,353,349,354,464,245,246,237,245,245
1611428268.764917,354,348,362,469,245,246,233,242,245
1611428268.775133,353,349,362,464,245,241,235,245,244
1611428268.785205,354,349,362,466,245,245,237,245,244
1611428268.795246,354,352,362,469,245,244,237,246,245
1611428268.805136,352,346,357,459,244,244,237,244,245
1611428268.814947,347,347,357,464,242,245,234,244,241
1611428268.825279,344,349,356,459,242,244,234,241,241
1611428268.835009,341,347,357,464,240,242,234,244,242
1611428268.844655,344,344,349,454,236,241,233,241,239
1611428268.854769,338,343,349,448,234,237,229,238,235
1611428268.865462,336,337,337,445,230,234,228,237,234
1611428268.87541,331,336,341,444,228,233,224,234,230
1611428268.885167,326,330,338,437,225,230,222,232,229
1611428268.894868,321,331,331,434,221,229,222,232,228
1611428268.905151,308,329,330,424,213,223,220,229,222
1611428268.915418,301,327,325,418,205,217,218,228,217
1611428268.925148,293,321,315,416,200,212,213,223,213
1611428268.934797,290,316,309,416,197,206,207,218,207
1611428268.944736,283,314,309,416,193,203,205,214,203
1611428268.954735,267,310,310,406,182,199,199,212,201
1611428268.964725,234,310,308,404,153,196,197,208,198
1611428268.974837,213,308,304,394,123,192,193,206,196
1611428268.984701,202,310,304,397,87,174,190,204,187
1611428268.995131,210,306,294,385,73,150,186,202,173
1611428269.005176,222,306,299,392,70,123,182,198,160
1611428269.014704,236,305,297,393,72,90,181,198,155
1611428269.02488,242,304,297,395,76,74,170,197,150
1611428269.035384,242,302,296,394,80,71,159,192,146
1611428269.045225,245,303,294,391,83,69,150,189,144
1611428269.055176,246,304,290,390,84,67,143,181,138
1611428269.065095,242,302,293,393,81,65,140,172,130
1611428269.074912,242,299,292,390,80,66,141,161,119
1611428269.08503,237,302,292,389,76,66,147,150,109
1611428269.094959,232,298,289,386,73,67,152,139,98
1611428269.10495,218,296,288,385,68,70,158,131,85
1611428269.115111,205,294,284,384,64,77,166,125,73
1611428269.124934,190,291,278,384,61,88,171,125,65
1611428269.135097,174,285,273,384,60,99,175,130,64
1611428269.145274,162,277,262,384,59,109,174,139,64
1611428269.155286,153,264,245,374,59,117,176,149,65
1611428269.164903,144,246,213,369,60,123,178,157,66
1611428269.174795,133,223,172,370,59,130,178,167,68
1611428269.184877,122,215,136,365,58,137,179,180,69
1611428269.194948,109,212,109,366,60,142,180,186,68
1611428269.205598,101,224,93,362,61,146,179,189,71
1611428269.214765,94,232,88,355,61,150,180,191,73
1611428269.225358,92,240,83,353,60,155,180,194,75
1611428269.235056,90,245,80,352,60,157,181,194,73
1611428269.244895,91,250,77,354,60,158,182,195,73
1611428269.254779,88,250,74,357,60,157,181,194,69
1611428269.265079,86,256,76,366,59,155,180,195,65
1611428269.27515,87,262,82,384,58,154,181,194,60
1611428269.285192,90,272,130,384,56,150,181,191,53
1611428269.294938,93,285,221,387,56,146,182,189,45
1611428269.304962,98,296,261,390,57,143,182,186,43
1611428269.314891,106,302,285,390,57,137,182,181,39
1611428269.325365,126,306,301,394,56,122,183,178,38
1611428269.335201,150,312,309,400,55,89,182,183,44
1611428269.345245,186,312,310,406,52,55,178,191,85
1611428269.355112,221,314,317,405,51,45,173,198,148
1611428269.365113,246,314,316,405,51,41,166,203,177
1611428269.375321,256,314,314,405,52,43,167,205,186
1611428269.385191,262,315,317,406,57,51,170,207,191
1611428269.394885,266,315,315,405,65,74,174,209,195
1611428269.40536,264,314,317,406,74,98,176,210,198
1611428269.414804,269,314,314,405,81,112,177,211,197
1611428269.424685,269,313,318,405,86,122,177,212,199
1611428269.434745,269,315,317,407,90,135,179,212,201
1611428269.444917,272,314,314,405,91,145,181,213,202
1611428269.455085,269,311,317,405,93,150,181,212,201
1611428269.465224,274,314,318,408,92,154,181,212,202
1611428269.475149,274,317,320,410,90,157,182,212,202
1611428269.484971,273,317,317,416,86,158,183,211,202
1611428269.495257,274,317,321,416,81,158,182,213,201
1611428269.505105,272,315,320,416,75,160,184,212,200
1611428269.514861,270,314,320,416,70,161,186,212,200
1611428269.524938,270,314,318,417,66,163,189,213,200
1611428269.534673,272,319,318,416,60,168,191,213,201
1611428269.544772,270,318,321,421,58,177,192,213,197
1611428269.555079,267,318,320,424,60,186,196,215,198
1611428269.565062,267,318,317,424,66,191,199,217,199
1611428269.574993,268,318,319,424,93,197,200,217,201
1611428269.584837,272,320,320,421,153,201,202,219,205
1611428269.595415,277,322,322,417,188,203,203,221,208
1611428269.605261,285,325,323,421,194,209,206,222,213
1611428269.615084,293,325,326,424,198,210,206,223,216
1611428269.625153,302,328,328,429,205,214,210,224,217
1611428269.634808,309,330,333,429,206,216,213,226,218
1611428269.644621,311,330,333,436,210,219,218,229,222
1611428269.655356,315,331,336,437,213,224,221,232,225
1611428269.665323,317,336,341,442,219,230,224,235,228
1611428269.674994,328,338,341,443,226,233,226,237,234
1611428269.684909,336,341,347,448,230,235,226,239,235
1611428269.694666,338,344,349,454,232,237,229,241,236
1611428269.705062,342,348,353,458,235,239,229,243,240
1611428269.71542,346,346,357,464,237,241,234,245,242
1611428269.725005,350,349,357,464,241,242,234,244,242
1611428269.735103,346,346,362,464,241,239,230,244,244
1611428269.745002,354,350,362,469,245,245,237,245,245
1611428269.754841,355,349,362,470,245,247,237,246,241
1611428269.764815,355,349,360,474,244,245,237,246,245
1611428269.775098,355,352,360,470,246,245,236,245,245
1611428269.784866,356,346,362,469,245,247,237,246,245
1611428269.794798,352,349,360,469,245,242,231,246,245
1611428269.804938,354,347,358,466,245,244,232,245,245
1611428269.815306,354,343,362,469,247,247,237,246,246
1611428269.825321,353,347,357,464,244,245,238,245,245
1611428269.835071,354,347,360,464,243,242,237,245,245
1611428269.844949,354,352,360,470,245,245,237,245,245
1611428269.854945,354,344,358,469,245,246,237,245,246
1611428269.865054,355,349,357,465,246,247,237,245,245
1611428269.87509,357,349,360,466,246,244,234,246,245
1611428269.885345,353,349,360,469,246,242,232,240,243
1611428269.895227,354,349,360,469,246,245,232,244,245
1611428269.905505,347,346,361,469,241,246,237,246,244
1611428269.914987,352,352,357,469,245,246,236,246,245
1611428269.924818,354,352,362,472,247,245,237,245,245
1611428269.935254,356,346,363,474,245,245,235,246,245
1611428269.944726,354,349,365,472,246,247,237,245,245
1611428269.955089,357,344,354,464,245,246,237,245,244
1611428269.96521,354,348,360,469,245,244,232,246,246
1611428269.974919,354,350,361,470,245,245,236,245,245
1611428269.985103,354,349,357,468,245,246,236,245,244
1611428269.995278,355,352,360,469,245,241,229,241,244
1611428270.005064,353,349,362,469,245,240,232,246,245
1611428270.01508,354,349,361,469,245,246,236,245,244
1611428270.025115,352,349,362,468,240,242,237,245,245
1611428270.035007,352,347,357,466,246,246,237,244,242
1611428270.04525,354,352,357,469,245,247,234,245,240
1611428270.054722,356,352,362,470,246,246,237,245,244
1611428270.064865,346,349,360,469,246,241,232,245,245
1611428270.075216,353,352,357,469,245,246,236,245,245
1611428270.085152,347,349,360,473,246,245,237,245,245
1611428270.095381,357,350,358,466,246,245,237,245,245
1611428270.105112,354,352,362,470,247,246,237,242,240
1611428270.115049,352,349,360,468,245,245,237,246,245
1611428270.124904,354,352,360,469,246,242,234,245,245
1611428270.134907,355,349,360,464,244,245,237,246,245
1611428270.14511,354,349,360,469,245,246,237,241,241
1611428270.15534,353,347,360,466,245,246,237,246,245
1611428270.165302,354,348,360,464,245,244,236,245,240
1611428270.174979,354,349,360,468,245,245,237,245,245
1611428270.184965,354,349,360,468,245,245,232,240,240
1611428270.195061,353,352,360,465,246,245,232,240,245
1611428270.204604,352,349,358,465,244,247,237,246,245
1611428270.215236,357,352,358,469,246,245,233,243,243
1611428270.224952,354,347,362,466,245,245,237,245,241
1611428270.234936,352,349,358,466,244,246,237,246,245
1611428270.244855,354,352,362,464,244,246,237,245,243
1611428270.254641,349,349,356,468,244,247,236,245,245
1611428270.264982,352,349,360,468,245,245,237,245,245
1611428270.275445,353,347,357,466,242,245,237,245,245
1611428270.285376,352,349,360,464,246,246,237,245,245
1611428270.29516,355,349,362,464,246,243,234,245,245
1611428270.305185,352,349,360,466,246,245,235,244,245
1611428270.315078,354,349,360,464,246,246,235,245,244
1611428270.325179,352,349,357,464,245,245,237,244,244
1611428270.33529,354,349,357,468,246,246,236,245,245
1611428270.344934,352,349,360,468,247,246,237,245,245
1611428270.354794,352,347,360,464,245,245,237,245,245
1611428270.36459,353,352,360,469,245,247,237,245,244
1611428270.374971,355,352,360,469,242,247,237,245,245
1611428270.385451,352,352,360,465,244,245,230,241,243
1611428270.39484,348,349,360,458,242,242,237,245,245
1611428270.404951,354,348,357,466,245,244,237,245,245
1611428270.414889,354,347,360,466,246,242,230,242,245
1611428270.425119,352,349,360,465,246,245,232,244,242
1611428270.435252,353,349,360,464,245,240,232,242,245
1611428270.445116,352,349,357,465,244,246,236,245,245
1611428270.455202,353,344,360,468,245,246,237,245,244
1611428270.46495,352,348,360,466,245,245,234,242,242
1611428270.474897,346,349,360,468,245,245,232,244,243
1611428270.484712,352,347,357,464,244,245,237,245,242
1611428270.495019,353,346,357,464,245,245,237,245,245
1611428270.504954,354,349,360,465,244,246,236,245,245
1611428270.515331,353,349,352,459,240,245,235,244,243
1611428270.525219,353,346,357,469,245,245,237,244,240
1611428270.534927,349,349,360,465,246,245,235,244,242
1611428270.544942,354,348,358,464,246,246,236,246,245
1611428270.554876,354,342,355,464,245,246,236,245,245
1611428270.565375,353,350,360,466,243,244,235,245,245
1611428270.575033,354,346,360,465,245,245,236,244,243
1611428270.584974,349,349,360,465,245,245,236,244,244
1611428270.595331,353,346,360,469,246,244,237,246,245
1611428270.605513,354,349,352,469,245,246,233,245,244
1611428270.614857,353,341,362,469,245,245,234,244,238
1611428270.624547,355,350,360,469,245,245,236,244,245
1611428270.634878,354,349,352,465,245,246,237,245,245
1611428270.644947,352,350,355,468,239,245,237,245,245
1611428270.655287,353,349,360,469,244,246,235,245,241
1611428270.665256,352,346,360,469,245,245,230,244,243
1611428270.674909,353,349,358,469,245,245,237,244,245
1611428270.685131,348,347,357,464,245,245,236,245,245
1611428270.69494,352,349,358,465,245,246,237,241,244
1611428270.704845,346,346,360,465,245,246,237,239,245
1611428270.714892,346,347,357,469,245,245,236,245,239
1611428270.724992,352,350,358,465,244,245,236,245,245
1611428270.734932,350,346,352,464,245,242,235,242,244
1611428270.744736,352,349,357,469,246,245,237,241,242
1611428270.754609,353,349,353,468,245,245,234,244,244
1611428270.765011,352,349,357,465,245,242,234,245,243
1611428270.775504,350,346,360,466,245,246,234,242,244
1611428270.784997,353,349,352,459,245,245,236,245,242
1611428270.795007,352,347,360,465,245,244,232,244,244
1611428270.80545,352,346,357,466,246,245,230,241,245
1611428270.815259,352,342,357,464,245,245,235,245,239
1611428270.825019,354,349,358,469,241,244,235,246,245
1611428270.835095,353,344,357,469,245,245,236,245,239
1611428270.845145,353,346,357,465,245,246,237,245,245
1611428270.855262,353,347,360,468,244,241,232,245,244
1611428270.865588,354,346,357,468,239,243,237,245,243
1611428270.874806,354,346,358,464,245,246,235,244,244
1611428270.885008,348,349,360,468,241,242,236,245,244
1611428270.895487,352,345,355,464,245,245,234,242,242
1611428270.905178,352,346,357,465,243,245,237,244,245
1611428270.915214,354,349,357,464,244,245,235,245,245
1611428270.925113,354,341,357,465,243,245,237,245,245
1611428270.935136,352,341,354,464,240,242,235,245,244
1611428270.945051,354,350,352,464,245,245,235,246,245
1611428270.954632,344,348,357,464,244,245,235,245,241
1611428270.965032,352,346,360,464,244,246,237,244,243
1611428270.975164,352,346,358,458,244,245,235,245,244
1611428270.985116,345,346,357,464,245,245,232,244,245
1611428270.995025,352,346,358,464,245,244,231,244,245
1611428271.005185,352,347,357,466,245,245,235,244,245
1611428271.015946,346,346,357,464,245,245,234,245,243
1611428271.025249,352,346,355,464,244,244,236,245,245
1611428271.035118,353,347,357,464,244,245,234,245,245
1611428271.044905,350,348,357,464,245,245,235,241,239
1611428271.055066,352,346,357,464,245,245,235,245,243
1611428271.064915,352,341,354,459,244,246,237,245,239
1611428271.075011,341,346,360,459,244,245,235,244,243
1611428271.084886,352,344,353,458,244,245,236,245,242
1611428271.095218,352,344,357,465,242,245,236,244,244
1611428271.105279,349,342,355,464,244,245,234,244,244
1611428271.11485,352,346,354,464,245,244,229,244,243
1611428271.125024,350,340,355,464,244,245,236,245,239
1611428271.135203,350,345,354,456,242,243,234,245,244
1611428271.145448,349,344,354,464,242,245,235,242,241
1611428271.155283,349,343,354,458,244,245,234,242,244
1611428271.164996,345,341,354,464,244,245,236,244,242
1611428271.175037,352,346,354,464,242,245,234,242,242
1611428271.185201,349,346,357,456,241,245,234,244,242
1611428271.195245,349,344,357,461,244,238,233,244,242
1611428271.205027,349,345,354,461,243,241,234,244,244
1611428271.215262,349,344,352,464,242,244,234,244,244
1611428271.225069,347,344,349,458,242,245,235,245,242
1611428271.235254,349,345,355,459,242,241,234,244,242
1611428271.244948,344,344,354,458,245,245,235,242,242
1611428271.255199,349,338,357,461,239,242,235,244,237
1611428271.265,349,342,353,459,245,245,232,245,239
1611428271.27475,342,344,355,458,242,244,234,245,242
1611428271.284861,341,344,354,458,245,245,235,238,242
1611428271.295262,353,343,354,458,242,243,234,244,242
1611428271.304866,349,341,354,459,244,240,229,244,242
1611428271.314917,350,346,349,453,238,239,234,242,243
1611428271.324911,352,346,354,458,245,244,234,241,242
1611428271.335033,346,348,354,458,239,243,234,243,244
1611428271.345125,352,344,357,461,242,239,234,242,243
1611428271.354708,349,346,352,458,244,245,235,244,243
1611428271.365016,349,340,352,454,239,239,234,244,242
1611428271.375154,349,343,354,459,244,239,230,244,242
1611428271.38475,352,344,355,464,244,244,234,245,244
1611428271.395027,350,346,356,464,243,237,232,243,242
1611428271.405077,349,344,356,453,237,238,231,242,242
1611428271.414917,347,345,356,459,242,242,234,244,243
1611428271.425105,352,341,354,453,242,245,233,243,242
1611428271.436206,348,341,355,459,244,241,234,243,242
1611428271.445238,352,342,354,456,242,243,235,244,243
1611428271.454864,350,344,358,459,244,244,229,242,242
1611428271.464934,350,341,349,458,243,245,230,242,242
1611428271.47483,350,346,357,464,242,238,234,244,242
1611428271.485255,348,345,354,461,242,239,233,244,242
1611428271.495117,349,346,350,459,242,244,235,244,242
1611428271.505216,344,344,352,456,244,244,234,243,242
1611428271.514745,344,344,357,459,242,244,229,244,242
1611428271.524657,352,346,349,456,244,245,234,244,244
1611428271.534891,352,342,353,458,242,245,235,242,238
1611428271.545176,350,341,356,464,242,244,234,244,242
1611428271.555101,349,344,352,456,244,239,234,242,242
1611428271.564935,349,346,354,458,241,243,234,244,242
1611428271.575015,350,338,349,456,243,243,234,244,242
1611428271.586124,349,344,354,454,242,242,234,244,242
1611428271.594932,341,342,354,459,241,242,234,244,238
1611428271.605029,349,344,353,453,242,245,235,242,242
1611428271.615147,349,341,353,464,244,244,234,242,241
1611428271.625147,346,341,354,456,244,245,234,242,238
1611428271.635196,346,346,353,459,245,245,230,241,242
1611428271.644962,350,342,349,459,242,244,234,244,242
1611428271.655059,349,345,354,458,244,245,229,242,242
1611428271.665231,349,344,357,450,244,242,235,244,242
1611428271.675782,346,346,356,464,242,243,234,243,237
1611428271.684976,344,345,354,458,244,245,234,242,241
1611428271.694962,346,344,349,458,242,245,234,244,240
1611428271.705578,349,336,354,464,243,244,234,244,238
1611428271.71507,346,338,353,461,241,244,230,242,242
1611428271.726607,346,341,352,459,243,242,234,239,242
1611428271.734868,349,346,354,458,245,240,230,242,243
1611428271.744714,349,346,354,459,242,244,235,245,238
1611428271.755158,349,345,354,454,241,244,234,242,244
1611428271.765022,349,342,354,459,244,245,235,243,240
1611428271.775343,346,340,352,458,243,245,235,238,241
1611428271.78503,349,344,353,459,244,244,233,241,243
1611428271.795367,349,338,354,456,242,242,234,244,243
1611428271.804905,349,346,356,449,242,244,235,242,243
1611428271.814669,350,344,354,464,242,244,234,244,244
1611428271.825006,347,341,352,458,244,244,234,244,238
1611428271.8348,344,337,352,457,242,244,235,244,242
1611428271.845313,349,344,357,456,241,244,234,245,243
1611428271.854846,349,342,354,456,238,245,234,243,241
1611428271.86474,346,346,352,457,243,245,234,244,243
1611428271.875236,347,346,357,466,239,241,234,242,243
1611428271.885273,349,346,357,464,243,242,234,245,242
1611428271.894971,349,344,357,464,238,242,234,242,243
1611428271.905324,346,345,354,459,244,239,232,242,242
1611428271.915123,346,342,353,459,244,243,234,239,241
1611428271.925137,347,342,356,459,243,240,231,243,242
1611428271.934834,345,344,355,453,242,242,234,245,242
1611428271.944987,349,344,350,459,244,244,230,245,242
1611428271.955402,350,344,357,464,243,245,235,242,241
1611428271.965074,352,343,356,464,244,245,235,242,239
1611428271.974959,350,338,354,464,244,244,234,244,237
1611428271.985061,349,342,354,464,243,239,234,242,242
1611428271.99491,349,344,354,458,242,244,234,244,243
1611428272.005362,346,346,352,456,238,241,233,243,242
1611428272.015319,349,344,355,464,244,245,235,241,243
1611428272.024904,352,338,349,458,245,245,232,242,242
1611428272.035077,349,344,354,459,241,244,234,242,244
1611428272.044817,352,345,353,459,244,245,235,244,243
1611428272.05525,350,345,353,464,243,245,228,243,244
1611428272.065057,349,338,355,455,242,242,232,245,239
1611428272.074948,352,338,355,457,238,240,234,244,244
1611428272.085357,348,341,352,456,244,245,229,241,242
1611428272.095417,349,346,349,464,238,238,234,244,243
1611428272.10516,351,342,349,456,243,245,230,242,242
1611428272.115206,349,341,357,458,244,244,234,244,242
1611428272.125021,353,346,357,464,244,244,235,239,241
1611428272.134867,352,346,354,456,242,244,234,243,244
1611428272.145151,349,342,352,461,243,244,235,239,241
1611428272.155553,349,346,348,455,242,243,234,244,239
1611428272.165118,349,345,357,464,243,244,233,242,241
1611428272.175019,346,346,357,459,244,240,233,242,243
1611428272.185064,342,346,349,456,244,244,234,244,242
1611428272.194887,347,341,354,464,243,244,229,242,242
1611428272.204981,347,341,352,458,242,244,234,242,244
1611428272.215402,342,346,349,458,244,243,234,242,242
1611428272.225416,349,344,357,458,245,244,233,244,239
1611428272.23491,353,346,354,464,244,239,234,242,241
1611428272.245087,348,346,357,464,244,239,231,242,242
1611428272.254909,352,346,352,461,242,244,235,244,242
1611428272.265278,352,345,357,464,245,243,230,242,242
1611428272.275001,352,344,354,464,244,242,234,244,242
1611428272.285607,346,344,356,458,244,245,235,242,242
1611428272.295165,352,346,350,464,243,244,235,244,242
1611428272.305223,348,343,353,461,245,244,234,238,241
1611428272.314805,352,345,354,464,241,241,233,242,237
1611428272.324996,347,346,354,458,243,244,235,238,239
1611428272.335189,346,346,355,458,243,238,230,243,242
1611428272.34505,350,344,347,459,242,244,235,244,242
1611428272.354956,349,342,355,464,244,244,232,241,242
1611428272.364933,346,346,357,456,244,244,235,242,242
1611428272.375177,349,341,349,459,242,244,231,242,244
1611428272.386272,346,345,352,459,242,244,234,241,243
1611428272.395057,349,342,352,459,242,244,235,238,241
1611428272.404719,349,344,354,456,242,244,235,244,238
1611428272.414878,341,341,353,458,244,244,234,239,241
1611428272.424726,349,341,356,459,239,242,234,243,244
1611428272.435093,349,346,347,453,244,242,234,244,239
1611428272.44495,347,341,356,456,244,244,235,238,242
1611428272.454867,349,337,349,456,242,244,235,244,242
1611428272.464976,341,344,352,453,242,244,235,243,244
1611428272.474678,352,346,352,459,244,244,233,244,244
1611428272.484945,352,341,354,458,243,244,234,244,244
1611428272.494854,349,344,354,458,244,242,229,242,242
1611428272.504837,349,344,352,458,242,244,235,244,243
1611428272.515385,349,341,350,456,242,244,234,242,242
1611428272.524809,347,344,354,458,244,238,232,244,244
1611428272.535048,349,344,354,464,245,239,233,244,243
1611428272.545283,350,346,354,458,244,244,234,243,242
1611428272.554962,352,340,356,458,244,245,234,240,244
1611428272.564871,352,338,357,459,238,238,234,243,243
1611428272.575367,352,347,357,464,242,242,230,242,242
1611428272.585249,346,337,354,464,244,243,234,244,244
1611428272.595084,349,346,354,464,239,244,234,242,243
1611428272.604879,349,344,354,461,241,242,234,244,244
1611428272.614882,349,341,354,458,244,245,234,242,238
1611428272.624849,352,346,354,464,243,245,229,244,243
1611428272.634646,346,341,357,460,239,242,234,243,242
1611428272.645151,346,343,353,464,244,245,234,243,241
1611428272.655275,349,346,357,464,239,244,235,242,242
1611428272.665113,342,340,357,459,242,245,234,244,237
1611428272.674666,349,344,356,464,243,244,234,244,242
1611428272.684789,348,344,354,464,245,243,230,242,242
1611428272.695195,344,342,357,464,242,245,234,241,241
1611428272.70526,349,342,352,459,244,245,235,242,241
1611428272.714981,350,346,350,458,243,243,234,244,244
1611428272.725202,352,344,352,464,244,245,234,242,243
1611428272.735051,349,347,357,464,242,245,235,242,243
1611428272.745113,344,344,357,459,242,242,234,244,243
1611428272.754894,353,342,354,461,242,240,232,242,242
1611428272.764718,353,346,360,466,239,242,234,244,243
1611428272.774923,354,347,357,464,243,245,235,243,239
1611428272.784848,354,349,357,466,242,242,234,241,242
1611428272.794976,349,346,357,465,241,242,234,244,242
1611428272.805056,353,342,357,464,239,242,234,242,244
1611428272.815018,349,346,356,464,243,244,233,242,242
1611428272.824905,349,346,357,461,245,239,232,244,243
1611428272.835163,346,344,356,459,244,245,234,244,244
1611428272.845051,352,342,357,464,237,243,235,242,243
1611428272.855454,349,346,358,464,243,243,234,244,242
1611428272.864881,352,347,357,464,244,239,230,244,244
1611428272.87494,352,346,357,464,241,242,235,243,242
1611428272.884925,352,342,356,461,244,243,235,242,242
1611428272.895228,342,346,357,464,244,242,230,242,243
1611428272.904812,352,344,356,464,238,239,234,244,243
1611428272.914946,352,344,357,464,242,244,234,244,240
1611428272.92517,349,341,354,464,244,243,234,244,239
1611428272.934948,350,344,356,464,244,244,234,240,242
1611428272.944982,352,347,349,464,243,242,235,242,242
1611428272.954947,345,346,357,459,242,242,234,244,243
1611428272.964927,352,342,355,464,244,244,234,244,244
1611428272.974999,349,347,352,461,243,244,234,243,243
1611428272.985092,346,344,357,466,244,243,230,242,243
1611428272.995476,347,340,354,464,243,244,234,244,244
1611428273.005236,349,346,354,464,243,244,234,244,238
1611428273.014643,352,346,353,461,242,244,235,243,242
1611428273.024775,352,344,357,464,245,242,234,244,243
1611428273.034983,349,346,357,464,242,244,234,244,242
1611428273.045184,352,346,357,464,237,242,234,242,244
1611428273.055171,354,341,354,464,244,245,235,242,242
1611428273.065031,353,346,357,461,242,244,235,242,244
1611428273.074818,352,349,354,464,243,242,234,245,243
1611428273.085174,352,346,357,464,244,244,234,239,244
1611428273.094989,344,347,352,464,242,245,235,243,242
1611428273.105199,350,347,357,458,242,245,234,243,241
1611428273.114848,352,346,360,464,239,242,234,242,244
1611428273.124759,349,348,350,465,243,245,235,238,241
1611428273.135608,352,344,354,459,244,245,235,243,244
1611428273.145228,342,346,356,466,245,245,233,239,242
1611428273.154795,347,345,357,453,242,244,235,242,243
1611428273.164693,349,344,354,458,245,239,230,242,243
1611428273.174705,349,342,356,453,241,244,235,243,242
1611428273.185276,350,344,354,464,245,239,233,244,244
1611428273.194967,352,338,353,461,243,245,235,244,242
1611428273.204834,352,346,349,459,242,244,234,244,239
1611428273.215026,351,346,356,464,239,240,234,243,242
1611428273.225146,349,346,357,456,241,244,235,243,242
1611428273.235082,344,346,353,458,242,244,235,244,242
1611428273.245007,348,346,357,459,244,244,234,241,241
1611428273.254646,352,346,354,464,245,245,232,241,242
1611428273.264803,349,346,354,461,242,238,230,244,241
1611428273.275817,349,346,354,464,240,242,234,244,243
1611428273.284803,350,344,357,459,237,242,234,244,242
1611428273.295151,349,342,352,458,241,243,234,244,244
1611428273.305231,346,349,356,458,243,244,229,244,244
1611428273.31487,352,346,357,458,242,243,234,244,244
1611428273.325843,350,347,355,458,242,245,234,243,243
1611428273.335128,349,345,357,464,244,243,229,242,242
1611428273.345153,350,341,357,459,245,245,230,240,244
1611428273.355422,352,346,354,459,245,242,229,242,243
1611428273.365428,347,346,354,454,242,244,235,242,244
1611428273.374898,350,337,356,452,244,245,235,243,237
1611428273.385176,352,345,350,461,244,245,235,242,244
1611428273.395101,349,343,357,466,244,244,234,242,240
1611428273.404933,344,350,352,464,244,245,234,244,244
1611428273.414828,352,347,354,466,245,244,233,244,242
1611428273.425265,352,346,356,464,241,242,234,244,244
1611428273.43493,352,343,357,464,243,241,234,239,241
1611428273.445818,352,347,357,456,238,243,235,243,242
1611428273.455005,349,343,353,458,242,244,235,244,242
1611428273.464951,352,344,355,464,237,242,234,244,242
1611428273.475103,354,344,358,464,238,243,235,242,242
1611428273.485291,352,346,358,464,242,239,233,242,242
1611428273.495051,350,345,361,464,242,242,234,244,244
1611428273.505526,354,352,360,458,242,244,234,244,244
1611428273.515283,352,352,362,466,242,243,234,244,242
1611428273.524965,355,349,362,469,244,245,236,243,239
1611428273.53467,353,346,357,469,244,243,234,244,239
1611428273.545034,354,349,354,469,243,244,232,244,238
1611428273.555258,353,342,353,465,242,243,229,244,243
1611428273.565364,352,345,357,464,244,244,234,242,243
1611428273.575071,354,350,362,461,242,244,235,244,238
1611428273.584963,352,352,361,464,244,239,231,242,242
1611428273.59487,353,346,357,464,243,244,234,242,239
1611428273.605064,352,349,362,464,239,244,235,239,243
1611428273.614923,352,349,357,464,242,244,234,244,243
1611428273.625178,354,349,360,465,244,239,232,244,242
1611428273.634978,354,346,358,464,244,245,234,243,241
1611428273.645029,354,347,358,466,242,245,235,244,237
1611428273.654805,352,342,357,468,242,244,234,245,238
1611428273.665201,353,349,357,465,242,245,235,244,243
1611428273.675184,355,349,362,464,238,244,235,243,242
1611428273.685362,353,344,357,464,242,245,235,244,237
1611428273.695386,354,347,360,466,245,245,234,244,240
1611428273.704874,353,349,362,466,242,241,234,243,242
1611428273.714836,352,349,357,465,241,242,234,245,243
1611428273.724658,353,344,355,464,245,244,234,244,242
1611428273.734956,354,349,360,464,241,240,234,244,243
1611428273.745138,354,349,360,464,242,244,234,244,237
1611428273.75507,347,347,360,465,244,245,230,242,242
1611428273.764865,349,348,357,464,243,245,235,242,242
1611428273.775049,352,352,360,459,242,245,235,242,242
1611428273.785184,353,349,357,466,245,244,233,242,242
1611428273.795142,350,347,358,464,244,245,234,239,243
1611428273.805101,354,349,360,466,245,245,235,238,242
1611428273.815002,351,347,358,464,242,244,235,244,242
1611428273.825008,353,346,357,469,243,244,230,242,242
1611428273.834896,354,346,358,469,244,244,233,243,242
1611428273.844829,356,350,360,459,242,245,235,244,242
1611428273.854793,353,349,353,464,244,245,234,243,242
1611428273.865232,352,347,357,466,239,244,234,242,244
1611428273.875082,354,348,357,468,243,244,235,242,242
1611428273.88545,353,347,354,466,242,244,234,243,242
1611428273.895454,354,346,358,458,241,242,233,242,243
1611428273.905371,352,347,356,469,242,244,234,240,242
1611428273.914815,346,344,358,464,245,244,229,242,242
1611428273.924902,352,346,357,459,245,245,235,245,239
1611428273.934977,346,346,357,466,244,244,229,237,242
1611428273.944886,352,346,357,464,241,244,234,245,242
1611428273.954803,349,346,349,459,242,244,234,244,242
1611428273.96508,349,347,354,466,242,245,235,239,241
1611428273.9752,353,346,352,459,244,245,234,243,243
1611428273.98507,350,349,353,465,242,245,235,242,242
1611428273.995018,352,345,354,464,242,242,233,244,242
1611428274.005028,353,346,358,470,235,241,233,243,241
1611428274.015063,352,350,358,467,241,239,226,243,238
1611428274.025056,346,349,360,466,239,238,230,242,239
1611428274.035056,346,350,354,456,236,238,232,237,237
1611428274.045072,341,346,352,456,231,234,228,239,236
1611428274.054692,336,341,347,450,228,233,226,236,232
1611428274.065308,330,336,342,442,224,229,223,233,229
1611428274.074925,321,336,341,437,218,228,221,232,226
1611428274.084905,312,332,333,432,210,224,219,229,221
1611428274.095241,306,330,326,427,205,217,217,226,218
1611428274.105028,306,325,327,421,201,213,213,224,214
1611428274.115055,299,325,322,416,196,209,208,219,213
1611428274.12496,293,321,317,406,190,205,205,218,209
1611428274.13527,288,320,308,395,187,202,202,218,205
1611428274.144987,276,317,290,374,183,197,200,214,202
1611428274.155363,242,301,288,330,181,193,196,213,198
1611428274.164855,204,298,283,288,176,191,194,210,196
1611428274.175139,165,293,283,263,171,189,192,208,192
1611428274.184849,130,301,277,259,159,187,190,205,189
1611428274.195083,109,297,250,261,145,183,187,202,181
1611428274.205194,101,292,210,261,135,185,186,202,171
1611428274.215146,93,290,169,264,126,182,186,202,160
1611428274.228056,94,288,125,263,121,181,185,201,155
1611428274.238193,94,288,101,256,116,180,184,201,154
1611428274.245237,93,290,94,256,114,181,183,199,152
1611428274.255268,93,287,88,248,111,180,183,200,151
1611428274.264911,93,288,84,246,109,180,183,200,150
1611428274.275049,89,281,78,250,104,179,183,198,146
1611428274.285416,90,285,76,256,99,178,183,200,141
1611428274.295168,90,284,76,261,96,178,181,198,136
1611428274.304894,90,283,74,272,92,178,183,198,131
1611428274.315108,90,282,74,279,86,178,181,198,125
1611428274.324925,90,282,74,288,85,177,181,197,121
1611428274.335072,90,279,74,293,82,177,181,197,117
1611428274.34516,90,279,75,302,81,177,183,197,110
1611428274.355053,86,282,78,322,78,177,182,198,100
1611428274.365252,85,288,109,344,76,175,183,197,83
1611428274.375121,84,293,215,367,73,175,184,197,59
1611428274.385115,81,301,279,384,66,170,183,197,43
1611428274.394887,85,302,296,387,61,155,183,196,38
1611428274.405039,126,310,305,395,56,85,184,201,90
1611428274.414966,180,309,309,399,47,38,181,205,164
1611428274.424981,234,314,312,404,44,37,182,206,182
1611428274.435033,256,309,311,400,45,78,182,209,191
1611428274.444936,266,317,316,405,49,118,185,210,196
1611428274.454832,267,314,314,408,60,142,182,211,198
1611428274.464861,272,312,316,405,76,157,185,210,199
1611428274.474822,272,313,317,406,91,165,186,210,200
1611428274.484938,274,317,315,400,102,170,186,212,200
1611428274.494833,274,314,311,404,114,173,186,211,202
1611428274.504792,277,315,313,400,122,176,189,212,202
1611428274.514941,274,311,310,404,130,178,189,213,202
1611428274.52495,277,317,314,406,137,179,189,213,203
1611428274.535176,282,315,317,402,141,181,189,213,203
1611428274.545083,281,314,316,406,143,182,190,213,204
1611428274.555462,282,317,315,408,143,186,191,212,205
1611428274.565109,283,314,317,410,143,187,194,213,205
1611428274.575132,285,314,317,408,149,187,194,214,206
1611428274.584925,288,317,318,416,157,190,196,215,206
1611428274.595089,288,316,317,420,166,194,198,217,208
1611428274.604933,288,314,320,416,173,197,201,218,208
1611428274.614715,290,315,320,417,178,201,203,218,209
1611428274.624788,290,319,317,420,187,204,205,219,213
1611428274.6351,299,320,317,421,191,208,206,221,214
1611428274.645525,301,322,322,426,197,210,206,223,217
1611428274.655442,301,323,325,421,202,213,210,223,218
1611428274.664721,306,323,329,429,206,214,213,226,221
1611428274.675443,312,328,332,439,208,218,217,229,222
1611428274.685001,314,336,337,442,210,223,221,232,226
1611428274.694921,322,336,337,443,218,229,222,235,230
1611428274.705039,325,336,347,444,226,232,222,234,233
1611428274.715037,336,341,344,453,229,230,223,237,234
1611428274.725247,336,341,349,453,230,235,229,237,235
1611428274.735109,340,344,352,447,234,238,230,241,237
1611428274.745026,341,344,352,461,237,240,228,242,239
1611428274.755216,344,343,352,454,238,240,233,242,240
1611428274.765119,347,344,354,458,244,244,229,241,242
1611428274.775175,347,341,353,464,244,245,229,241,242
1611428274.784957,350,343,352,461,238,243,235,243,243
1611428274.794818,346,341,357,466,243,243,234,244,237
1611428274.804679,352,346,352,464,244,242,234,244,242
1611428274.815005,346,344,349,464,244,244,234,242,244
1611428274.825221,350,349,355,459,242,244,234,244,243
1611428274.835496,352,346,357,466,242,241,232,243,242
1611428274.845877,346,341,354,464,244,239,232,242,242
1611428274.855725,350,346,354,464,244,245,234,241,241
1611428274.865051,353,346,356,464,238,242,235,244,242
1611428274.875304,348,343,358,464,238,242,234,245,244
1611428274.885065,352,347,353,454,243,245,234,242,244
1611428274.894681,346,346,357,458,242,244,234,244,242
1611428274.905325,352,344,355,468,245,244,229,242,243
1611428274.915277,352,346,346,458,242,242,234,244,243
1611428274.92527,352,341,354,464,242,245,235,244,238
1611428274.935114,348,344,360,461,242,244,235,244,242
1611428274.944975,350,346,360,466,243,245,235,243,244
1611428274.955205,353,350,353,464,244,245,234,241,242
1611428274.965382,349,346,352,464,244,238,232,243,242
1611428274.975068,346,341,354,466,244,245,235,242,239
1611428274.985118,347,346,357,461,244,245,235,242,241
1611428274.99492,352,346,356,458,242,243,234,245,242
1611428275.00505,354,346,354,461,245,239,232,243,243
1611428275.015261,344,344,357,469,238,241,234,245,244
1611428275.025324,349,346,357,461,243,245,230,241,241
1611428275.035255,352,343,356,456,243,245,234,242,244
1611428275.045568,352,346,354,464,240,243,235,243,244
1611428275.054935,346,342,356,464,243,245,234,239,240
1611428275.06528,352,346,357,467,241,244,234,244,244
1611428275.075373,354,345,349,467,242,243,234,244,243
1611428275.085404,344,341,354,461,243,245,235,244,238
1611428275.095204,349,346,357,468,244,245,234,241,242
1611428275.105116,350,345,360,469,244,244,229,244,242
1611428275.115086,351,347,357,469,245,245,235,243,238
1611428275.125055,354,347,358,466,245,239,233,244,244
1611428275.135272,352,346,352,464,242,245,235,244,242
1611428275.145262,352,344,357,464,245,245,235,242,241
1611428275.155054,346,346,357,466,245,244,233,241,242
1611428275.165201,354,347,354,465,242,244,235,244,242
1611428275.175555,354,346,352,464,245,245,235,243,243
1611428275.185187,350,344,357,464,245,245,235,239,243
1611428275.194888,346,346,352,460,242,245,235,243,243
1611428275.204923,352,344,349,459,244,243,234,245,244
1611428275.215207,349,345,356,464,239,243,234,243,243
1611428275.225093,350,345,356,464,239,243,234,245,244
1611428275.235311,349,344,353,458,242,245,235,244,243
1611428275.245172,354,345,353,464,244,244,234,243,241
1611428275.254981,352,345,350,458,243,245,235,243,242
1611428275.265342,349,342,351,464,244,245,234,244,244
1611428275.274801,344,340,354,465,245,241,230,243,243
1611428275.285006,354,346,354,468,243,245,235,243,243
1611428275.295231,351,346,357,456,243,244,234,243,244
1611428275.30519,350,344,355,456,243,243,234,244,244
1611428275.315116,346,343,357,464,244,238,232,244,243
1611428275.324889,346,344,353,464,245,239,233,244,242
1611428275.335099,353,346,350,464,244,244,234,244,244
1611428275.345108,349,344,357,458,242,243,234,244,242
1611428275.355291,352,345,354,464,243,244,234,245,239
1611428275.365071,346,346,357,461,245,245,234,239,242
1611428275.375701,344,344,356,453,242,244,234,243,242
1611428275.384975,344,347,357,468,241,241,234,244,244
1611428275.394812,352,346,354,464,244,242,234,245,244
1611428275.405378,346,345,357,458,242,243,234,244,244
1611428275.415014,349,338,354,464,244,241,232,242,244
1611428275.424921,349,346,355,464,244,244,235,241,241
1611428275.435263,344,345,357,465,245,245,234,239,242
1611428275.445207,347,346,360,466,244,244,230,242,242
1611428275.454774,352,341,354,464,245,245,234,244,238
1611428275.465198,349,347,358,458,242,245,235,244,242
1611428275.474943,352,346,352,465,243,239,234,243,242
1611428275.484925,354,346,360,468,239,241,234,245,243
1611428275.495092,347,344,353,464,241,242,234,245,244
1611428275.504835,349,342,352,464,242,244,235,244,242
1611428275.514947,352,346,354,464,239,243,234,244,244
1611428275.524911,352,346,354,464,242,242,234,244,244
1611428275.535034,352,344,354,464,245,245,229,242,243
1611428275.545024,352,346,357,459,244,245,234,243,245
1611428275.554899,349,339,354,460,244,245,235,242,238
1611428275.56493,349,341,354,455,244,245,234,244,242
1611428275.576362,350,344,360,469,245,242,229,242,242
1611428275.589892,353,350,352,456,245,244,235,245,244
1611428275.595773,349,345,356,464,237,238,234,242,243
1611428275.605402,349,346,354,454,241,243,235,244,244
1611428275.615246,345,346,357,457,243,244,235,243,242
1611428275.624882,352,348,357,456,242,245,234,243,245
1611428275.634844,350,346,360,465,244,245,229,240,242
1611428275.644916,352,342,356,468,244,245,235,244,242
1611428275.655106,352,342,354,464,243,244,235,242,242
1611428275.665079,350,344,354,464,244,244,233,240,242
1611428275.674988,351,347,357,467,245,239,233,242,244
1611428275.685109,354,341,354,464,245,244,234,244,238
1611428275.695449,352,346,352,458,242,245,235,244,242
1611428275.705359,346,346,353,464,245,240,230,242,244
1611428275.715225,352,342,354,458,245,245,234,243,238
1611428275.725302,352,348,360,459,244,244,234,244,239
1611428275.734932,353,348,360,464,245,244,234,239,242
1611428275.745081,353,342,356,465,244,239,235,242,242
1611428275.755284,352,349,358,464,242,244,234,242,242
1611428275.765063,344,346,357,464,244,245,235,242,239
1611428275.774851,352,346,361,464,242,244,235,245,239
1611428275.78478,349,344,356,464,244,244,234,245,242
1611428275.794989,349,346,357,464,245,241,233,242,244
1611428275.80513,346,345,357,469,245,245,235,242,237
1611428275.815115,355,352,360,466,243,245,230,241,242
1611428275.825177,354,347,358,468,245,239,233,242,243
1611428275.835002,352,343,357,469,245,245,235,242,238
1611428275.845016,353,347,358,466,245,239,230,242,241
1611428275.8552,347,346,360,464,245,238,231,243,244
1611428275.86505,352,349,361,468,244,244,229,242,242
1611428275.874664,354,349,360,464,242,244,234,242,244
1611428275.885141,353,346,358,466,244,244,234,240,241
1611428275.895054,352,347,357,464,244,242,229,244,238
1611428275.904709,347,350,358,469,242,242,234,242,244
1611428275.914798,352,346,360,464,242,242,234,242,242
1611428275.925271,354,346,357,468,244,244,229,243,242
1611428275.935295,346,346,357,464,244,244,234,243,241
1611428275.94509,346,348,360,469,243,239,234,244,242
1611428275.955176,353,346,358,465,244,238,232,244,244
1611428275.965153,354,344,357,464,244,244,234,243,241
1611428275.975599,356,346,352,464,242,245,235,244,243
1611428275.984943,353,346,357,465,245,245,229,243,244
1611428275.995313,352,346,354,464,244,240,232,243,243
1611428276.005307,352,347,357,464,244,244,232,241,243
1611428276.015206,352,344,357,464,244,238,232,244,244
1611428276.024963,344,344,354,468,245,245,229,241,241
1611428276.03481,349,349,354,466,244,244,233,242,242
1611428276.045085,354,349,358,464,242,242,234,244,244
1611428276.055098,349,345,356,464,244,245,235,244,241
1611428276.065068,346,344,355,464,245,244,234,241,242
1611428276.074869,354,348,357,464,241,242,234,242,244
1611428276.085108,352,346,357,464,241,243,234,244,244
1611428276.094889,352,346,357,464,243,245,229,239,243
1611428276.104984,352,345,353,464,242,245,234,245,244
1611428276.114894,352,347,357,464,238,244,232,243,244
1611428276.125036,353,346,357,464,242,241,234,242,242
1611428276.135146,349,345,357,464,244,240,232,243,242
1611428276.145044,352,346,357,465,240,242,234,242,244
1611428276.154938,346,344,360,464,238,242,234,243,242
1611428276.164657,354,347,360,464,245,239,231,242,241
1611428276.175037,350,348,360,469,243,239,235,245,241
1611428276.18511,356,347,360,468,245,245,231,242,242
1611428276.194849,356,344,357,466,244,244,234,243,241
1611428276.20472,354,349,360,464,244,244,234,245,238
1611428276.215395,352,346,357,464,244,244,234,244,242
1611428276.225159,353,346,357,466,244,244,230,244,242
1611428276.235439,353,349,353,465,244,245,234,242,243
1611428276.244762,354,347,362,468,244,244,229,244,242
1611428276.255075,354,347,358,472,244,244,229,242,242
1611428276.265065,353,346,357,466,245,244,234,242,241
1611428276.275767,346,346,354,464,242,244,234,244,244
1611428276.285285,353,347,360,464,242,241,234,244,242
1611428276.29499,353,346,360,466,242,244,235,242,242
1611428276.304711,353,349,352,465,242,244,234,245,242
1611428276.314658,353,349,360,464,241,242,235,243,242
1611428276.324928,349,346,357,466,245,243,234,241,241
1611428276.335034,352,349,360,468,238,242,234,245,244
1611428276.34514,349,349,360,458,245,244,234,242,239
1611428276.354793,353,349,357,464,239,243,234,243,244
1611428276.364592,352,347,360,464,239,244,234,244,242
1611428276.374982,349,348,360,469,243,244,234,240,242
1611428276.385143,346,344,357,458,242,245,235,243,242
1611428276.395383,346,347,357,466,245,245,235,243,242
1611428276.405041,352,343,355,464,244,245,235,245,244
1611428276.414858,349,349,360,464,242,244,235,244,242
1611428276.425105,354,348,358,466,239,244,234,244,242
1611428276.434656,354,349,358,469,245,239,232,244,244
1611428276.444969,354,346,357,464,245,239,232,243,242
1611428276.455371,352,349,357,461,244,244,233,242,243
1611428276.465433,352,346,353,465,244,239,232,242,244
1611428276.475672,352,346,357,465,243,242,234,244,240
1611428276.48508,353,346,357,465,243,240,230,244,242
1611428276.494943,352,346,357,464,238,242,234,245,244
1611428276.504861,354,349,360,469,243,245,234,241,242
1611428276.514793,356,349,354,464,244,245,235,242,239
1611428276.52507,352,346,357,464,244,244,234,240,242
1611428276.53523,352,348,358,464,242,243,234,245,244
1611428276.54497,352,346,357,465,244,244,234,242,241
1611428276.555073,352,344,358,464,242,243,234,245,244
1611428276.565358,350,341,357,465,242,245,234,245,238
1611428276.575134,354,349,357,464,244,243,234,243,245
1611428276.584995,352,348,352,468,242,245,235,245,243
1611428276.594984,354,347,360,464,245,245,234,243,239
1611428276.605121,354,342,360,469,242,242,234,244,243
1611428276.615333,350,344,358,464,241,244,235,243,244
1611428276.624981,352,346,357,465,240,242,234,244,242
1611428276.635209,353,347,360,469,244,238,232,244,242
1611428276.645042,347,346,357,466,244,245,230,242,242
1611428276.655328,345,349,357,458,242,245,235,242,243
1611428276.665085,352,346,357,466,244,241,229,242,242
1611428276.675146,353,341,355,464,243,245,235,242,238
1611428276.685042,346,347,354,464,242,245,235,243,239
1611428276.695452,352,346,357,465,245,245,232,241,242
1611428276.705091,352,347,352,464,244,245,234,243,244
1611428276.715142,352,341,354,465,244,245,235,241,242
1611428276.725132,353,349,360,465,244,245,230,242,242
1611428276.735154,349,349,358,469,242,244,234,244,244
1611428276.745346,354,341,355,466,244,244,234,244,240
1611428276.754977,354,346,353,464,242,243,235,245,242
1611428276.765278,354,349,360,465,244,245,230,242,242
1611428276.774963,352,344,357,461,244,240,229,243,243
1611428276.785781,352,347,360,464,244,242,229,244,244
1611428276.794994,353,344,353,464,244,243,234,244,238
1611428276.804924,349,341,360,466,242,244,234,244,241
1611428276.815086,346,344,357,469,244,244,234,241,241
1611428276.825049,354,348,360,458,242,245,235,242,242
1611428276.835618,352,347,357,466,245,245,233,241,243
1611428276.845394,355,346,360,466,244,244,234,244,244
1611428276.85498,354,346,360,469,244,244,231,242,244
1611428276.86509,354,349,360,469,244,239,233,242,242
1611428276.874965,352,349,358,464,244,245,232,244,242
1611428276.884952,354,348,357,466,245,245,229,242,242
1611428276.895357,352,348,360,458,241,243,234,244,243
1611428276.905314,354,352,362,461,242,245,235,243,243
1611428276.914983,354,347,354,470,242,244,234,245,243
1611428276.925287,349,346,357,464,243,244,234,245,244
1611428276.935028,354,346,358,458,242,244,235,244,242
1611428276.945247,353,344,357,466,245,245,235,244,240
1611428276.954887,352,350,361,470,244,244,235,243,244
1611428276.96497,348,344,362,465,244,245,235,242,240
1611428276.975388,354,349,362,464,242,242,235,245,243
1611428276.985114,356,348,361,472,239,241,234,244,244
1611428276.995404,356,342,362,467,238,244,235,242,242
1611428277.005233,352,347,360,469,244,242,234,241,242
1611428277.015195,357,347,360,468,245,238,232,244,244
1611428277.025116,357,350,360,470,244,239,233,243,244
1611428277.034927,353,352,360,469,245,244,229,242,244
1611428277.045184,354,352,360,466,242,244,234,245,243
1611428277.055176,357,347,361,469,243,245,235,239,241
1611428277.065192,352,349,360,470,244,245,235,239,242
1611428277.075389,355,352,354,464,241,244,234,245,242
1611428277.08566,354,349,362,470,243,243,234,244,239
1611428277.095164,357,350,361,469,240,244,234,243,243
1611428277.105067,353,349,362,474,244,245,234,241,242
1611428277.114907,357,349,362,469,242,244,235,240,241
1611428277.124913,354,349,362,472,242,240,234,245,243
1611428277.134764,352,349,358,469,245,245,231,241,242
1611428277.145388,352,349,360,458,244,245,235,244,239
1611428277.155058,352,349,360,466,243,239,234,242,241
1611428277.16491,353,352,360,466,244,245,235,242,238
1611428277.175217,354,350,362,472,239,241,234,244,244
1611428277.184955,356,352,362,468,237,243,235,242,242
1611428277.195408,353,349,362,469,244,244,233,242,242
1611428277.204936,354,352,353,468,244,245,234,244,244
1611428277.214683,352,349,360,465,242,244,235,245,243
1611428277.224831,354,352,362,468,241,245,236,242,244
1611428277.234931,353,349,362,469,244,244,235,239,241
1611428277.245111,354,350,360,469,238,242,234,245,242
1611428277.255114,354,349,357,469,245,245,234,238,242
1611428277.265357,354,346,360,470,244,245,234,238,242
1611428277.275203,354,349,360,464,243,242,234,244,244
1611428277.285354,354,349,362,469,245,238,230,244,244
1611428277.295059,354,350,362,468,243,244,234,244,242
1611428277.304819,354,349,360,469,245,245,229,242,242
1611428277.315084,356,349,360,469,244,245,229,242,243
1611428277.325414,353,349,360,468,245,245,235,238,241
1611428277.335012,352,344,357,469,243,244,234,244,239
1611428277.345149,354,352,360,464,243,244,234,242,243
1611428277.355189,352,349,352,466,245,245,234,243,244
1611428277.365112,356,349,362,469,245,239,233,242,244
1611428277.374949,356,350,362,469,238,242,234,242,242
1611428277.385238,354,343,360,469,244,245,234,244,237
1611428277.395092,357,352,352,464,244,245,235,243,242
1611428277.405039,352,349,357,466,245,238,232,242,243
1611428277.41491,353,350,362,468,238,244,235,242,242
1611428277.424757,354,349,360,466,244,245,234,242,242
1611428277.434798,353,349,357,467,240,243,235,242,244
1611428277.444873,357,349,355,468,243,243,234,244,244
1611428277.454924,352,343,360,469,242,245,235,244,238
1611428277.464909,354,352,359,459,243,244,234,244,240
1611428277.475122,352,348,360,466,243,244,230,242,242
1611428277.485226,353,344,357,465,245,245,235,243,239
1611428277.494953,353,347,357,464,244,245,232,241,242
1611428277.505403,354,347,357,464,244,244,235,243,244
1611428277.51517,353,349,361,470,244,245,234,238,241
1611428277.525039,356,349,362,474,244,244,234,244,242
1611428277.53541,352,347,360,468,244,245,234,239,241
1611428277.544941,353,349,360,468,243,243,234,239,242
1611428277.55531,352,349,352,466,244,244,231,242,243
1611428277.566094,355,349,360,468,244,244,234,244,241
1611428277.575573,345,346,357,464,242,244,234,242,244
1611428277.585652,353,349,357,468,245,245,229,242,243
1611428277.595443,352,349,357,458,244,245,234,242,242
1611428277.605102,355,352,362,466,237,243,235,239,242
1611428277.615077,354,346,357,468,244,244,234,239,242
1611428277.625205,354,347,358,464,245,244,232,242,243
1611428277.635083,352,347,357,468,242,244,234,242,241
1611428277.645554,354,350,357,464,243,245,235,243,237
1611428277.654934,347,346,360,464,242,242,234,244,244
1611428277.665293,352,346,357,464,244,239,232,243,242
1611428277.674985,353,347,360,469,238,242,234,244,244
1611428277.684749,353,349,358,461,242,245,235,244,242
1611428277.695097,346,347,358,466,243,244,229,242,242
1611428277.705263,354,349,357,465,243,241,232,242,242
1611428277.715196,352,344,357,468,244,245,234,238,242
1611428277.724754,352,346,362,468,243,245,235,242,239
1611428277.734812,353,341,357,466,245,244,235,243,238
1611428277.745004,352,347,360,464,238,244,235,244,242
1611428277.755034,349,346,360,468,243,244,234,241,242
1611428277.765087,355,351,362,464,243,245,235,240,241
1611428277.774857,359,347,362,470,244,238,232,244,243
1611428277.785201,355,347,360,464,242,243,234,244,244
1611428277.795437,354,347,360,470,245,244,229,242,243
1611428277.804909,356,341,357,469,245,245,234,243,238
1611428277.815167,352,346,355,464,244,245,235,244,237
1611428277.825113,351,341,357,470,244,245,234,242,238
1611428277.835222,352,349,362,470,244,244,234,243,242
1611428277.845065,356,352,362,469,242,241,234,244,241
1611428277.855196,354,347,357,468,245,244,234,240,242
1611428277.865196,353,350,360,470,242,239,233,244,243
1611428277.875019,354,349,362,469,240,242,234,243,242
1611428277.885183,357,352,353,469,243,245,235,242,243
1611428277.894715,357,349,356,464,242,244,235,244,242
1611428277.904847,345,346,360,470,243,244,234,242,242
1611428277.914803,357,347,354,469,242,244,235,245,242
1611428277.924782,355,349,362,473,245,239,231,242,244
1611428277.934816,352,346,362,469,244,241,234,242,243
1611428277.945068,354,349,361,469,243,241,234,243,242
1611428277.955025,346,349,352,465,242,244,234,244,242
1611428277.964924,355,349,362,464,243,245,234,242,242
1611428277.974899,352,346,360,466,244,239,233,243,244
1611428277.985354,344,346,357,468,244,244,234,239,242
1611428277.995319,349,346,357,466,238,241,234,243,244
1611428278.005123,353,344,357,466,245,244,234,243,239
1611428278.01488,352,346,357,464,244,245,234,242,242
1611428278.02489,352,346,357,468,238,242,234,244,244
1611428278.03497,352,344,354,465,242,244,234,244,238
1611428278.045072,352,343,355,469,242,244,234,244,241
1611428278.054666,342,347,360,465,238,242,234,244,244
1611428278.065013,349,341,349,464,244,245,235,244,242
1611428278.075426,352,346,352,465,245,239,232,242,243
1611428278.085762,352,346,360,468,244,244,231,244,244
1611428278.094822,354,346,357,464,242,244,234,244,244
1611428278.105069,354,348,358,464,242,243,234,245,244
1611428278.115177,353,349,357,458,242,244,234,242,244
1611428278.124831,352,346,360,470,243,245,234,241,242
1611428278.135046,346,344,360,469,241,243,234,242,243
1611428278.144724,354,349,354,466,242,245,235,245,242
1611428278.154758,349,349,362,464,242,244,234,245,244
1611428278.164666,354,352,360,466,242,244,234,245,244
1611428278.175476,354,346,362,465,244,241,234,243,242
1611428278.185266,354,352,362,464,242,242,234,244,244
1611428278.195068,354,350,362,464,242,243,234,244,244
1611428278.204981,355,352,356,466,242,243,234,245,244
1611428278.214859,355,347,355,469,241,244,234,244,242
1611428278.224841,349,349,357,474,244,244,234,242,242
1611428278.234954,352,349,362,469,243,245,234,241,242
1611428278.245278,354,349,355,469,242,244,234,244,242
1611428278.255145,354,349,362,470,240,242,234,244,244
1611428278.265003,354,347,360,461,243,244,234,244,244
1611428278.274891,352,352,362,469,238,242,234,244,244
1611428278.284884,355,346,358,469,244,244,234,242,241
1611428278.295189,352,349,360,468,245,245,229,242,242
1611428278.305179,353,349,358,469,243,245,231,241,241
1611428278.31526,354,349,360,469,239,242,234,242,244
1611428278.325146,354,352,360,469,242,242,234,244,243
1611428278.334803,352,349,360,469,242,245,229,243,243
1611428278.345235,353,352,352,472,241,244,235,244,239
1611428278.354863,354,350,362,470,244,245,235,238,241
1611428278.365594,354,349,357,461,242,245,234,242,243
1611428278.375109,349,344,357,468,244,245,234,242,239
1611428278.384903,352,349,362,464,242,243,234,244,243
1611428278.394997,354,349,354,468,242,244,234,244,242
1611428278.405633,354,346,360,470,245,245,234,244,240
1611428278.414985,353,349,362,466,243,244,234,244,242
1611428278.424773,352,349,360,472,245,239,230,243,244
1611428278.435179,357,350,360,466,244,245,229,241,242
1611428278.444979,354,344,357,466,244,245,235,244,237
1611428278.454786,352,350,362,469,243,239,229,244,243
1611428278.464759,353,349,362,464,241,243,234,244,243
1611428278.475094,352,346,360,469,242,244,234,241,241
1611428278.484863,346,345,362,469,242,244,234,244,238
1611428278.494991,354,349,360,468,245,245,229,242,242
1611428278.505043,346,346,360,470,244,244,234,240,242
1611428278.514969,353,349,360,465,241,244,235,244,242
1611428278.52488,353,349,360,464,245,245,232,242,242
1611428278.535253,353,347,352,469,242,243,229,243,242
1611428278.546134,354,346,358,469,245,244,232,242,243
1611428278.554662,353,349,353,464,243,244,234,242,244
1611428278.565409,354,349,358,461,243,245,235,244,242
1611428278.574943,353,349,357,466,243,245,235,239,241
1611428278.585435,352,349,360,469,245,245,230,242,242
1611428278.595061,357,346,360,466,242,244,234,243,239
1611428278.605262,346,346,357,465,243,245,234,238,241
1611428278.614945,354,349,360,464,241,243,234,244,237
1611428278.624865,354,347,358,466,243,245,235,238,241
1611428278.634909,352,344,357,466,243,244,234,241,241
1611428278.644958,354,346,360,464,241,243,234,244,243
1611428278.655244,352,349,358,468,244,245,229,242,242
1611428278.665161,353,348,360,469,243,244,234,243,242
1611428278.67583,349,343,358,470,242,243,234,245,245
1611428278.685112,355,352,360,468,243,245,235,242,238
1611428278.69508,355,352,362,469,238,243,235,242,242
1611428278.705402,348,348,360,464,244,245,234,239,241
1611428278.715059,352,344,350,464,243,245,235,244,242
1611428278.725522,355,350,352,468,242,245,230,244,244
1611428278.736243,349,341,353,464,245,245,234,245,244
1611428278.745276,349,344,361,470,243,243,234,243,241
1611428278.755174,357,347,354,469,243,244,234,244,243
1611428278.765088,354,352,360,469,242,244,233,242,240
1611428278.774751,354,349,362,472,242,238,232,242,244
1611428278.785075,352,352,356,465,242,243,234,245,244
1611428278.795023,353,349,354,468,243,242,233,244,238
1611428278.805464,354,346,360,469,244,244,229,242,243
1611428278.815055,352,349,357,465,244,244,229,242,242
1611428278.824998,353,344,360,469,243,243,233,244,238
1611428278.834732,355,343,354,469,244,244,234,243,242
1611428278.844974,354,349,360,470,244,245,234,239,241
1611428278.855147,357,347,357,472,244,244,234,242,242
1611428278.865172,354,349,362,469,244,245,235,244,242
1611428278.875243,355,349,352,470,244,240,230,241,242
1611428278.885421,354,352,361,470,244,241,234,242,242
1611428278.895403,353,349,354,469,244,245,235,242,242
1611428278.905151,353,349,362,470,239,242,234,244,244
1611428278.915166,354,349,358,464,243,245,234,242,242
1611428278.925255,354,349,362,469,239,242,234,243,242
1611428278.935138,356,349,358,464,243,243,234,244,238
1611428278.945278,357,349,358,469,244,245,235,239,241
1611428278.954891,353,349,360,464,245,245,235,241,239
1611428278.964951,352,347,358,470,239,242,233,244,237
1611428278.975151,346,349,358,469,243,243,228,242,242
1611428278.985225,355,341,357,469,244,244,233,243,242
1611428278.995018,352,344,358,469,242,243,234,242,240
1611428279.004865,353,347,360,461,241,244,235,244,242
1611428279.015013,354,347,357,468,244,241,230,241,242
1611428279.024649,352,346,357,458,242,243,234,242,243
1611428279.034901,350,347,358,465,242,244,234,239,241
1611428279.044804,350,347,358,469,241,237,230,243,242
1611428279.055006,349,347,357,465,237,240,232,242,242
1611428279.065196,346,349,357,464,235,241,233,241,239
1611428279.075284,346,346,352,458,238,241,232,242,238
1611428279.085263,345,346,354,461,234,237,230,241,239
1611428279.095043,340,344,353,464,234,237,230,238,237
1611428279.104967,336,342,346,450,230,235,229,237,232
1611428279.115094,330,338,342,446,227,229,223,235,230
1611428279.125122,328,336,342,445,224,229,223,233,229
1611428279.134939,321,333,338,437,218,226,219,230,226
1611428279.144669,314,331,331,432,213,224,219,229,222
1611428279.154905,307,326,326,424,205,218,218,227,219
1611428279.165009,299,325,325,416,202,213,213,222,214
1611428279.174885,293,320,320,406,197,208,208,221,211
1611428279.184846,288,318,312,401,192,206,205,218,208
1611428279.194729,277,312,305,395,187,202,202,216,203
1611428279.204802,242,314,301,389,182,198,198,211,198
1611428279.215427,176,305,293,373,174,194,196,208,194
1611428279.224739,114,304,290,358,152,189,192,206,189
1611428279.234702,103,298,282,362,130,186,189,202,165
1611428279.245144,98,296,269,366,107,181,187,200,125
1611428279.254837,97,288,245,370,87,173,183,196,86
1611428279.26514,101,280,224,373,69,158,183,192,71
1611428279.274849,113,274,210,373,65,146,180,186,69
1611428279.285037,129,264,216,384,63,136,179,172,67
1611428279.294804,142,256,223,384,61,125,177,158,65
1611428279.30505,150,229,224,384,62,118,176,145,64
1611428279.31526,157,206,222,384,61,112,174,138,62
1611428279.325011,160,186,221,384,61,109,174,134,62
1611428279.335332,160,170,214,385,59,105,173,135,62
1611428279.345366,161,161,208,384,60,106,173,138,62
1611428279.355253,155,158,197,384,59,108,174,142,62
1611428279.365066,152,163,189,384,60,110,174,146,61
1611428279.375555,148,174,182,384,60,114,174,153,61
1611428279.385022,145,189,180,385,59,117,176,158,61
1611428279.395078,139,220,187,384,60,119,177,163,60
1611428279.404879,136,248,201,384,60,125,178,167,58
1611428279.414916,128,261,221,384,59,128,178,175,57
1611428279.424934,124,277,256,389,61,131,179,179,51
1611428279.435076,124,296,281,394,60,128,180,180,46
1611428279.445276,136,306,299,400,59,122,181,184,43
1611428279.455273,156,309,309,405,57,95,180,188,46
1611428279.465185,189,311,315,416,57,60,178,195,97
1611428279.475087,229,315,316,410,53,45,176,201,166
1611428279.484688,256,316,318,410,53,42,176,204,181
1611428279.494889,261,314,314,405,54,48,176,205,189
1611428279.504695,269,318,317,410,60,85,178,210,196
1611428279.515036,275,314,318,416,78,119,177,210,200
1611428279.525496,278,317,320,410,92,143,180,212,202
1611428279.535147,280,317,320,411,105,157,180,212,203
1611428279.545159,283,317,317,410,117,168,182,211,204
1611428279.554995,284,317,320,410,128,172,181,213,205
1611428279.565368,285,317,317,408,137,176,185,213,205
1611428279.575134,283,314,316,405,145,179,186,213,205
1611428279.58497,283,314,314,405,150,181,186,213,206
1611428279.594791,283,315,317,406,151,182,187,213,205
1611428279.604923,288,317,317,408,153,181,187,213,205
1611428279.614932,285,314,317,410,154,183,187,213,205
1611428279.625242,288,317,317,408,152,184,189,214,207
1611428279.635166,285,315,320,416,149,182,187,213,208
1611428279.645164,288,315,317,416,144,183,189,213,208
1611428279.655327,288,315,319,416,138,183,189,214,206
1611428279.665292,289,318,321,416,133,185,191,214,206
1611428279.674985,288,317,322,416,131,183,190,214,206
1611428279.685003,289,317,318,416,131,186,194,214,206
1611428279.694746,288,315,318,418,135,187,196,214,205
1611428279.704961,290,315,321,421,142,189,197,218,206
1611428279.715348,289,316,320,421,157,194,200,218,207
1611428279.725135,290,320,320,424,173,200,202,218,208
1611428279.735704,288,322,322,424,182,202,203,221,211
1611428279.745145,290,325,326,426,189,206,205,221,213
1611428279.755335,298,326,328,426,195,210,207,222,215
1611428279.765364,305,328,329,432,201,212,210,225,218
1611428279.775325,311,328,330,433,205,214,213,224,219
1611428279.785225,314,336,336,442,206,217,218,230,222
1611428279.794916,316,336,341,445,210,224,219,233,225
1611428279.805214,322,341,346,448,218,230,222,234,229
1611428279.814888,333,343,348,453,226,232,225,235,230
1611428279.825062,338,344,352,458,229,232,226,238,234
1611428279.835177,342,346,353,464,232,234,228,239,237
1611428279.844887,345,346,355,464,236,240,233,242,239
1611428279.854907,354,347,360,464,238,241,232,242,242
1611428279.864938,352,350,360,470,242,240,233,242,242
1611428279.875154,355,347,360,464,243,239,235,240,243
1611428279.885047,353,352,362,472,242,243,234,244,243
1611428279.895533,360,352,360,469,244,245,234,239,242
1611428279.90516,360,352,362,472,245,245,230,242,242
1611428279.914851,355,346,362,469,244,245,235,239,241
1611428279.925008,357,349,360,472,242,241,234,245,239
1611428279.934908,357,352,353,468,245,244,234,240,242
1611428279.94471,354,345,362,466,241,242,230,242,244
1611428279.95601,357,349,360,472,244,245,235,242,238
1611428279.96465,357,352,362,469,239,244,233,242,243
1611428279.975175,354,350,352,469,245,242,235,239,242
1611428279.985055,357,350,360,469,244,245,235,242,242
1611428279.994785,353,347,352,464,245,244,234,244,240
1611428280.005058,357,346,357,464,244,244,229,244,244
1611428280.01488,352,349,362,466,242,245,231,244,241
1611428280.025103,354,342,360,468,242,243,235,244,238
1611428280.035453,354,349,361,465,244,240,236,245,242
1611428280.045272,351,349,361,469,242,245,234,240,244
1611428280.055235,356,349,362,469,238,238,235,242,244
1611428280.065101,358,352,358,470,244,245,233,243,244
1611428280.075826,357,346,361,464,244,245,235,245,245
1611428280.085551,353,350,363,469,245,245,235,244,238
1611428280.095017,352,345,357,469,244,245,236,245,244
1611428280.105083,354,342,360,472,244,244,234,244,241
1611428280.115062,357,352,357,472,244,242,235,243,244
1611428280.124938,357,349,362,474,242,245,236,244,244
1611428280.135072,355,350,363,470,242,241,234,244,244
1611428280.144845,357,352,362,466,243,245,235,242,243
1611428280.154858,357,354,363,471,238,244,234,242,243
1611428280.165296,357,349,365,474,238,243,235,245,244
1611428280.175158,357,352,361,466,243,245,236,244,244
1611428280.185179,354,346,358,469,245,245,236,244,238
1611428280.195066,357,349,357,468,244,244,234,244,245
1611428280.205228,357,350,362,469,244,245,229,244,242
1611428280.215024,356,352,362,468,245,245,235,243,240
1611428280.224769,356,347,360,468,245,246,235,242,245
1611428280.23494,354,349,362,470,240,242,234,244,245
1611428280.24512,356,350,361,466,243,245,235,244,244
1611428280.254801,349,349,352,468,245,245,235,243,237
1611428280.265375,352,347,358,469,245,245,234,244,239
1611428280.274896,346,346,356,465,244,245,234,244,244
1611428280.285065,356,349,362,472,245,245,229,243,244
1611428280.29513,354,347,357,469,245,241,233,244,244
1611428280.304919,352,346,357,469,244,245,235,240,241
1611428280.315066,357,349,357,468,244,246,230,242,242
1611428280.324883,352,341,354,465,242,244,235,245,244
1611428280.335071,354,348,360,468,244,242,234,242,243
1611428280.34484,352,349,357,464,244,245,235,244,242
1611428280.354867,356,346,360,469,245,245,233,242,244
1611428280.365335,353,349,360,468,244,245,235,241,242
1611428280.374931,350,344,357,468,245,245,235,242,242
1611428280.385143,354,342,358,469,244,245,234,244,242
1611428280.395317,355,349,360,464,241,245,235,245,244
1611428280.405016,352,347,360,468,245,245,236,244,244
1611428280.415116,346,344,357,466,245,245,236,244,238
1611428280.424951,354,342,355,469,243,244,235,245,241
1611428280.43524,353,346,354,465,245,245,235,242,244
1611428280.44482,352,346,358,464,244,244,229,243,244
1611428280.455403,354,349,357,464,244,245,236,244,241
1611428280.464934,354,349,358,464,244,245,235,243,244
1611428280.475324,354,349,360,464,242,245,231,243,242
1611428280.485284,355,346,357,464,243,245,236,243,245
1611428280.495226,352,352,360,458,245,245,235,245,240
1611428280.504932,354,342,360,464,244,244,234,244,239
1611428280.514864,352,347,360,466,245,245,234,241,244
1611428280.525136,352,341,355,464,245,245,235,244,242
1611428280.534956,353,347,360,464,241,242,234,243,245
1611428280.545422,348,347,357,464,245,240,233,244,244
1611428280.555417,352,346,357,468,245,245,229,244,244
1611428280.564813,352,349,362,469,244,241,229,244,244
1611428280.575036,349,346,357,466,245,239,233,245,244
1611428280.585052,354,346,360,469,244,245,237,244,238
1611428280.594978,354,346,358,466,244,244,235,241,241
1611428280.604842,353,350,352,464,244,245,235,245,242
1611428280.615056,352,341,357,464,239,243,235,244,244
1611428280.62503,346,346,357,464,244,245,236,245,238
1611428280.635425,352,349,360,465,245,241,234,244,245
1611428280.645139,352,345,357,464,244,245,236,244,238
1611428280.655046,346,344,360,464,244,244,234,244,239
1611428280.665013,354,349,360,467,244,244,234,242,244
1611428280.67477,355,344,356,464,245,245,236,242,239
1611428280.684691,353,349,360,469,244,245,229,244,245
1611428280.695445,354,342,357,464,245,245,235,244,242
1611428280.705221,355,346,360,464,244,245,235,241,243
1611428280.715048,354,349,355,464,245,246,236,244,239
1611428280.725035,352,349,357,465,245,245,236,239,242
1611428280.735055,353,347,358,466,244,242,234,245,244
1611428280.744928,354,349,362,468,245,244,229,244,244
1611428280.754996,354,349,354,464,245,245,235,244,243
1611428280.765347,357,344,360,466,245,245,237,245,238
1611428280.774726,352,348,360,459,244,244,234,244,243
1611428280.784707,349,349,357,466,244,245,234,244,238
1611428280.795137,348,349,360,469,239,244,235,244,245
1611428280.805332,355,353,363,459,242,245,237,244,244
1611428280.815372,353,350,362,468,244,245,236,244,245
1611428280.825258,354,349,353,466,245,245,235,245,245
1611428280.834843,356,352,362,469,244,243,229,244,245
1611428280.845023,354,352,362,470,244,245,229,244,244
1611428280.854958,354,348,361,468,240,241,234,245,245
1611428280.86496,349,347,361,469,245,245,230,242,244
1611428280.875239,353,347,357,464,243,244,235,245,245
1611428280.884818,353,349,358,464,245,245,236,239,241
1611428280.895041,353,349,354,464,243,245,235,245,244
1611428280.904849,353,349,353,464,244,245,235,245,244
1611428280.915181,355,349,354,464,244,245,237,245,245
1611428280.925151,353,349,360,465,242,242,237,241,243
1611428280.935342,354,346,358,464,245,245,236,245,245
1611428280.945574,352,349,360,469,245,246,237,241,244
1611428280.955192,354,346,357,464,245,246,237,244,239
1611428280.965077,354,346,357,464,243,245,237,245,239
1611428280.975224,350,348,360,469,245,242,235,245,242
1611428280.985078,353,349,360,468,241,245,235,245,241
1611428280.994878,354,347,350,464,244,244,234,244,245
1611428281.010887,352,346,357,459,241,241,235,244,244
1611428281.019939,353,348,360,466,246,245,237,245,243
1611428281.025064,352,346,349,456,244,245,235,245,244
1611428281.034879,346,344,357,465,244,245,231,239,245
1611428281.044767,353,349,362,469,244,246,234,241,242
1611428281.05482,354,346,360,461,245,246,234,245,244
1611428281.064792,355,352,362,469,243,245,235,243,244
1611428281.075071,353,349,360,466,245,239,236,245,245
1611428281.085281,354,352,360,469,244,246,232,245,245
1611428281.094925,354,349,357,469,244,245,234,245,239
1611428281.105205,346,344,354,469,245,245,237,245,245
1611428281.114901,352,347,360,469,244,245,235,245,242
1611428281.124761,357,349,362,466,245,245,235,245,243
1611428281.134778,349,347,360,458,243,245,236,245,245
1611428281.145039,346,345,357,464,245,244,234,245,244
1611428281.154775,355,349,360,469,239,245,232,244,245
1611428281.165131,354,349,361,469,244,245,236,245,243
1611428281.174818,354,347,358,469,244,246,232,245,239
1611428281.185126,356,348,360,469,245,246,235,245,245
1611428281.195159,354,349,362,466,243,246,235,242,244
1611428281.204849,352,347,360,469,245,245,237,245,244
1611428281.215275,354,350,352,468,245,245,235,245,245
1611428281.22499,354,350,360,466,246,242,232,244,245
1611428281.234984,356,347,354,465,245,246,236,244,240
1611428281.245154,354,349,360,466,239,245,237,244,245
1611428281.255096,352,349,362,465,243,245,235,245,244
1611428281.265006,352,349,354,464,245,246,236,245,244
1611428281.275093,354,346,358,464,245,245,236,245,242
1611428281.285131,349,346,361,469,245,245,235,242,244
1611428281.29525,354,350,360,464,242,245,237,244,245
1611428281.305438,357,352,360,465,239,245,237,245,245
1611428281.31482,357,352,362,464,243,245,235,244,245
1611428281.324936,360,350,362,469,245,241,235,244,245
1611428281.335285,352,352,363,468,240,245,236,244,245
1611428281.345098,360,350,358,464,245,245,237,244,245
1611428281.35478,354,350,362,465,245,242,235,244,244
1611428281.365019,354,352,354,464,244,245,235,244,245
1611428281.375049,353,345,365,469,245,240,230,245,241
1611428281.385227,355,349,362,469,245,245,235,244,245
1611428281.395213,357,352,362,466,245,245,231,240,239
1611428281.405357,357,352,362,469,242,245,236,246,244
1611428281.415394,356,346,362,469,245,245,237,245,239
1611428281.425134,349,353,362,461,242,245,237,245,244
1611428281.435122,349,346,360,469,245,246,237,244,240
1611428281.445084,357,349,362,470,246,245,235,246,245
1611428281.455047,349,352,362,468,245,246,236,241,242
1611428281.465042,357,353,362,469,242,242,234,245,245
1611428281.474907,357,350,360,464,244,245,232,244,243
1611428281.484707,354,346,358,465,245,245,233,245,244
1611428281.494761,349,342,358,466,245,245,236,240,242
1611428281.505128,354,352,362,459,243,245,237,245,245
1611428281.515259,353,350,360,468,246,243,232,244,245
1611428281.525018,354,349,360,465,244,246,237,245,245
1611428281.535089,352,349,360,458,244,245,237,245,244
1611428281.544809,352,349,360,465,244,245,237,245,245
1611428281.555026,357,349,362,466,239,245,237,244,245
1611428281.564852,357,349,357,465,245,246,236,240,244
1611428281.574999,354,349,361,466,244,245,232,245,245
1611428281.585129,352,348,354,464,244,246,237,246,244
1611428281.594873,355,349,360,465,245,245,232,244,243
1611428281.604831,354,347,360,464,244,245,235,245,245
1611428281.615165,353,349,354,465,245,245,236,246,245
1611428281.624946,357,344,360,464,246,245,237,245,244
1611428281.634837,356,352,362,466,245,245,231,245,244
1611428281.644921,356,350,363,465,245,242,235,244,245
1611428281.655091,354,344,360,469,245,245,236,246,240
1611428281.6653,357,349,357,470,245,247,232,244,245
1611428281.675473,355,350,365,469,246,246,237,246,245
1611428281.685425,357,346,362,469,245,242,234,245,245
1611428281.695069,357,347,360,469,245,246,237,245,242
1611428281.704825,354,347,362,465,246,245,237,246,244
1611428281.715142,357,349,362,464,244,245,237,246,245
1611428281.725107,354,346,362,469,246,246,237,245,246
1611428281.735211,354,352,363,468,246,247,233,243,245
1611428281.745188,353,352,362,468,244,246,237,246,245
1611428281.755116,352,349,362,465,245,247,232,245,245
1611428281.765093,349,344,360,469,246,246,237,246,242
1611428281.774724,355,352,362,469,242,246,237,245,245
1611428281.784932,352,352,365,470,246,246,237,242,245
1611428281.795053,360,348,362,470,246,246,237,246,243
1611428281.804813,360,350,363,469,245,246,237,245,243
1611428281.814983,360,352,363,459,245,245,237,245,246
1611428281.825078,357,352,362,469,247,248,237,243,245
1611428281.835096,357,352,365,464,244,246,238,247,246
1611428281.845147,357,353,360,468,245,247,238,246,246
1611428281.855046,357,347,361,466,246,249,234,245,246
1611428281.865017,357,350,362,469,247,244,233,245,246
1611428281.874681,360,353,363,464,244,247,238,246,245
1611428281.884988,358,352,362,469,247,247,234,241,245
1611428281.895147,354,354,362,470,247,248,237,247,247
1611428281.905692,360,354,362,469,247,243,235,247,246
1611428281.915078,357,352,365,469,246,245,234,246,246
1611428281.924914,357,352,366,470,245,241,234,246,246
1611428281.935007,362,352,366,470,246,247,234,246,246
1611428281.94519,354,354,365,469,248,247,234,246,246
1611428281.955017,360,352,365,472,246,247,238,244,245
1611428281.965247,360,355,365,469,247,245,237,247,247
1611428281.975139,352,349,360,466,247,249,238,247,242
1611428281.985303,360,354,363,468,247,249,234,246,246
1611428281.994879,357,352,365,464,245,246,238,246,244
1611428282.004977,354,350,360,466,246,246,238,247,248
1611428282.015923,357,353,357,464,247,247,238,249,247
1611428282.025137,354,349,360,464,246,249,239,242,246
1611428282.035166,349,342,357,464,247,249,238,243,245
1611428282.045057,356,352,360,464,246,243,239,247,245
1611428282.054875,356,346,356,466,247,245,234,247,246
1611428282.064786,357,349,362,464,245,247,239,244,244
1611428282.074745,357,354,354,464,246,249,239,246,246
1611428282.084855,360,352,362,466,247,247,238,247,247
1611428282.094975,356,352,365,469,246,247,234,245,245
1611428282.105355,357,352,363,469,247,249,238,244,246
1611428282.115247,358,354,365,468,247,248,234,245,246
1611428282.125245,358,353,362,465,247,247,238,247,246
1611428282.135035,357,352,365,470,246,242,239,246,246
1611428282.145564,352,347,362,469,247,249,234,247,248
1611428282.154877,360,353,363,468,247,248,233,245,246
1611428282.164971,355,348,365,470,246,247,234,247,248
1611428282.175385,358,354,363,472,247,249,239,243,246
1611428282.184884,357,352,357,470,247,249,239,246,246
1611428282.194901,357,349,362,474,244,246,238,247,247
1611428282.20538,357,354,363,469,247,249,237,246,247
1611428282.214816,354,356,362,464,245,247,238,247,246
1611428282.224688,356,352,362,469,245,248,237,245,242
1611428282.234941,354,352,362,464,246,247,238,247,247
1611428282.24495,352,346,361,468,246,247,238,247,242
1611428282.255013,353,349,362,468,247,247,235,245,246
1611428282.26514,356,352,362,472,247,244,237,246,246
1611428282.275316,357,352,363,470,246,244,237,246,246
1611428282.285388,357,348,363,472,247,247,238,247,242
1611428282.294711,357,352,365,472,245,247,238,247,245
1611428282.305562,358,353,362,474,246,246,235,247,246
1611428282.315288,349,352,363,469,242,246,238,247,246
1611428282.325218,354,352,367,466,245,247,238,247,246
1611428282.3355,361,352,367,477,242,247,238,247,247
1611428282.345065,360,353,365,477,247,244,234,246,246
1611428282.355053,352,354,366,474,247,245,234,246,246
1611428282.364821,352,356,365,474,246,247,234,247,247
1611428282.37482,362,354,360,472,247,248,238,245,246
1611428282.385055,360,354,363,474,247,248,238,246,246
1611428282.395239,362,355,362,474,246,247,237,247,246
1611428282.404919,362,354,366,469,246,247,238,247,244
1611428282.414948,360,353,363,474,242,246,239,247,246
1611428282.425486,357,354,366,474,246,250,235,245,246
1611428282.4352,358,352,365,474,242,246,239,245,246
1611428282.445387,357,349,363,470,246,248,238,245,246
1611428282.455309,360,352,365,470,246,249,238,246,246
1611428282.465611,357,352,363,472,247,245,234,247,245
1611428282.475063,360,354,363,474,247,248,238,244,246
1611428282.48538,360,353,365,474,246,246,233,246,245
1611428282.495235,360,352,362,472,247,249,238,246,247
1611428282.505141,360,354,360,474,246,247,239,247,246
1611428282.514966,353,349,362,475,245,244,237,247,247
1611428282.525018,362,349,362,480,247,246,238,247,244
1611428282.534686,360,352,365,464,240,245,238,246,246
1611428282.544781,355,352,365,472,247,247,239,246,246
1611428282.554669,357,352,365,472,246,247,237,248,243
1611428282.564806,360,349,362,470,246,247,238,247,246
1611428282.57489,360,354,360,474,247,246,237,245,245
1611428282.585413,362,355,365,475,247,245,234,247,245
1611428282.595032,355,353,365,466,246,247,238,247,246
1611428282.605272,357,357,365,474,247,244,237,245,247
1611428282.614722,360,357,368,471,246,242,237,245,246
1611428282.624924,357,352,365,475,246,247,237,247,245
1611428282.63489,357,352,366,480,241,245,237,247,242
1611428282.645363,360,358,369,472,247,249,233,246,246
1611428282.655123,358,354,366,469,245,246,238,247,246
1611428282.664782,354,353,363,474,247,247,237,244,245
1611428282.675196,362,357,366,468,246,247,237,248,246
1611428282.68531,362,353,366,477,246,247,239,247,242
1611428282.695205,360,353,365,477,247,242,235,247,246
1611428282.705156,362,357,366,474,247,248,234,246,245
1611428282.714942,360,355,365,468,245,246,237,247,244
1611428282.725098,362,357,368,474,246,247,235,244,246
1611428282.735036,357,352,363,469,246,249,238,245,243
1611428282.745123,356,353,357,469,246,248,238,247,246
1611428282.755292,357,352,358,472,247,247,238,246,246
1611428282.765423,357,354,366,472,246,245,235,245,247
1611428282.775099,360,354,366,474,246,249,238,246,245
1611428282.78557,362,357,360,472,246,247,239,246,246
1611428282.794783,357,354,360,469,246,247,237,246,245
1611428282.804864,360,354,366,474,246,246,233,245,245
1611428282.814785,357,354,360,469,245,246,237,243,245
1611428282.825203,360,354,361,472,246,246,237,247,241
1611428282.835134,360,354,366,469,244,246,237,246,246
1611428282.845159,360,356,365,474,245,247,238,246,244
1611428282.855446,358,354,365,474,247,247,232,246,246
1611428282.864855,358,353,365,474,246,246,234,245,245
1611428282.87502,354,354,365,472,247,246,237,247,244
1611428282.884758,357,354,357,464,245,246,237,245,246
1611428282.894675,358,352,365,474,245,245,230,245,245
1611428282.904755,360,353,365,472,245,247,237,246,246
1611428282.915601,357,357,366,466,245,246,237,246,245
1611428282.92511,360,354,365,472,242,245,237,246,245
1611428282.934867,357,349,365,469,245,247,238,246,246
1611428282.944843,354,354,368,474,239,245,237,246,245
1611428282.954801,357,354,365,475,244,247,238,245,246
1611428282.965354,362,354,366,474,242,245,237,247,245
1611428282.975033,362,354,363,474,245,241,234,246,245
1611428282.985172,360,353,366,469,242,246,238,245,246
1611428282.995105,358,354,365,470,245,247,237,245,246
1611428283.004822,360,352,362,470,246,245,237,242,243
1611428283.015115,354,353,363,474,246,242,233,245,245
1611428283.025301,360,354,363,470,245,246,237,245,245
1611428283.034781,362,354,357,474,246,247,237,245,244
1611428283.044652,362,357,368,475,245,246,233,245,242
1611428283.055051,357,357,368,466,245,246,237,245,246
1611428283.065109,360,357,368,474,245,242,235,245,244
1611428283.075102,355,355,367,473,245,246,233,244,243
1611428283.085204,360,355,368,474,246,247,232,244,245
1611428283.095043,362,357,356,469,244,246,230,246,245
1611428283.105118,360,352,362,472,245,242,234,244,245
1611428283.115054,360,352,365,480,245,241,234,245,245
1611428283.124796,360,352,366,469,246,246,237,246,245
1611428283.135413,361,354,365,474,246,246,236,242,244
1611428283.145254,362,354,365,474,246,246,230,245,245
1611428283.155373,362,357,368,480,246,240,234,245,244
1611428283.165211,357,357,367,480,245,246,237,245,242
1611428283.175089,354,358,370,480,245,242,235,245,245
1611428283.184943,362,357,365,480,245,245,236,245,245
1611428283.195212,360,357,366,477,246,245,230,245,245
1611428283.204932,357,354,366,474,239,244,236,245,245
1611428283.214918,357,357,365,474,244,240,234,245,245
1611428283.225301,360,356,367,477,244,245,237,245,245
1611428283.235094,360,357,366,475,246,246,233,243,245
1611428283.244935,360,357,365,469,244,245,236,245,245
1611428283.255278,360,354,362,474,245,246,237,244,245
1611428283.26495,360,354,365,477,245,245,237,245,245
1611428283.27548,360,352,362,474,246,245,235,246,240
1611428283.285061,357,354,360,474,244,245,236,245,244
1611428283.295087,360,347,365,474,245,240,235,242,244
1611428283.305284,360,356,366,472,245,246,232,244,245
1611428283.315115,360,354,366,472,240,245,237,244,244
1611428283.325025,360,352,366,474,245,246,236,245,241
1611428283.335469,360,354,365,474,245,245,237,245,245
1611428283.34493,360,353,365,475,245,245,237,241,244
1611428283.35487,361,354,365,469,244,244,236,245,243
1611428283.364948,360,354,364,468,244,245,235,245,244
1611428283.375131,361,357,365,466,245,245,235,245,245
1611428283.385138,362,350,362,474,244,245,237,245,242
1611428283.394891,358,353,364,474,244,245,232,242,245
1611428283.4055,353,354,365,471,244,242,234,245,244
1611428283.415009,360,353,363,472,244,239,233,242,241
1611428283.424875,357,354,365,464,243,245,236,245,243
1611428283.434977,360,352,362,466,242,245,236,244,244
1611428283.444938,360,352,365,470,245,246,236,239,244
1611428283.454988,360,350,365,472,244,245,236,245,241
1611428283.465229,360,352,361,472,245,246,237,242,241
1611428283.47533,357,353,363,474,241,245,236,244,245
1611428283.485562,352,353,363,474,241,242,237,245,244
1611428283.495394,360,352,365,472,244,245,236,245,243
1611428283.504923,357,352,365,468,245,245,234,245,244
1611428283.515173,360,354,363,472,241,245,235,245,245
1611428283.524925,352,349,362,469,244,246,237,245,245
1611428283.535084,357,354,362,464,245,245,235,244,239
1611428283.545689,357,352,362,474,246,245,236,245,240
1611428283.555177,357,353,365,464,242,245,236,243,244
1611428283.565427,352,349,362,472,244,245,235,241,242
1611428283.575128,357,354,365,466,245,245,234,245,238
1611428283.585002,358,354,365,468,242,245,235,245,244
1611428283.595082,360,353,365,475,244,245,237,245,244
1611428283.605172,353,355,365,472,246,245,235,245,245
1611428283.614992,357,354,363,474,245,245,234,245,244
1611428283.625191,360,354,367,472,239,245,237,244,242
1611428283.635229,362,355,365,465,245,241,236,245,245
1611428283.645291,362,354,357,472,240,245,236,243,245
1611428283.65512,357,349,362,474,245,245,235,245,244
1611428283.665039,360,354,366,474,245,245,236,243,241
1611428283.674814,352,352,360,474,244,245,234,242,244
1611428283.684798,357,352,365,474,245,245,229,244,244
1611428283.695002,357,354,365,470,244,242,235,244,242
1611428283.705354,360,353,366,470,245,245,237,245,245
1611428283.715638,354,352,363,474,245,245,236,245,240
1611428283.725284,357,354,368,469,242,245,237,244,245
1611428283.735176,357,354,362,472,245,246,236,241,244
1611428283.745081,357,354,366,477,240,244,237,245,244
1611428283.755322,360,354,365,475,245,245,232,244,244
1611428283.765016,361,357,360,474,245,246,235,245,245
1611428283.774553,360,354,363,470,242,244,230,244,244
1611428283.784941,357,354,367,478,245,245,237,242,243
1611428283.795069,360,357,370,480,244,245,237,241,244
1611428283.805381,365,357,368,480,240,244,237,245,244
1611428283.815089,354,354,368,477,244,246,236,245,240
1611428283.824885,360,354,367,477,242,242,235,245,244
1611428283.835046,363,358,365,475,245,245,229,245,244
1611428283.845103,355,357,366,480,245,246,234,243,244
1611428283.855053,362,357,372,477,245,245,235,246,240
1611428283.864937,365,357,369,474,244,245,236,245,245
1611428283.875195,362,357,366,480,245,245,235,242,243
1611428283.885333,361,357,369,477,238,244,237,245,245
1611428283.894863,362,355,358,477,244,245,237,245,244
1611428283.90513,360,357,362,472,245,245,237,245,240
1611428283.91494,357,351,366,477,244,245,237,243,241
1611428283.925139,358,352,364,468,245,245,236,245,244
1611428283.935422,360,349,365,475,245,245,237,244,245
1611428283.945085,362,357,357,472,242,245,236,245,245
1611428283.955328,360,352,366,477,244,246,237,245,244
1611428283.965108,360,351,365,474,245,245,237,245,241
1611428283.974909,362,352,367,474,245,245,236,241,242
1611428283.98497,357,354,365,472,245,242,236,244,245
1611428283.995425,362,352,365,472,246,246,236,241,243
1611428284.005815,362,347,362,469,245,246,237,245,241
1611428284.014804,353,352,362,469,242,245,237,245,245
1611428284.024934,357,354,362,468,245,246,237,245,245
1611428284.035202,358,347,363,470,245,245,237,245,240
1611428284.044831,361,349,360,469,246,241,232,245,245
1611428284.054657,360,352,365,472,244,245,237,239,239
1611428284.064919,356,351,362,470,240,245,237,244,245
1611428284.075248,357,353,362,469,245,245,235,245,239
1611428284.084993,358,354,361,468,242,245,235,241,242
1611428284.09559,352,346,362,472,242,243,234,244,240
1611428284.105274,352,352,361,470,235,242,233,243,241
1611428284.115006,341,352,360,465,234,239,230,238,238
1611428284.124814,344,346,355,464,232,235,230,237,236
1611428284.135574,343,352,352,458,229,233,225,237,234
1611428284.145122,336,345,348,449,225,232,225,234,230
1611428284.155758,326,340,344,447,219,229,222,233,227
1611428284.165931,322,336,338,446,213,223,221,229,223
1611428284.175132,319,331,336,437,210,219,218,226,221
1611428284.185113,314,330,331,436,210,216,213,225,218
1611428284.195006,308,326,330,424,207,215,210,223,218
1611428284.204969,300,328,318,416,202,213,209,222,214
1611428284.215082,293,322,314,406,197,209,207,221,211
1611428284.224632,288,315,310,389,193,205,205,218,208
1611428284.235188,257,314,299,326,190,202,203,217,203
1611428284.245012,216,306,295,272,186,199,201,214,201
1611428284.255006,176,303,282,256,177,197,199,210,194
1611428284.26497,134,301,234,262,160,193,196,207,186
1611428284.275076,117,296,175,276,144,190,193,205,165
1611428284.28521,108,289,125,288,129,188,192,204,149
1611428284.295326,106,282,112,301,113,185,190,201,131
1611428284.305034,104,269,108,323,96,180,187,197,113
1611428284.314933,105,241,105,345,79,170,187,195,91
1611428284.325056,109,209,110,366,71,159,186,190,78
1611428284.33498,117,186,119,374,68,150,183,184,73
1611428284.344784,126,165,133,384,67,144,184,174,71
1611428284.355072,134,152,144,384,66,140,183,167,69
1611428284.365106,141,143,157,385,66,134,182,161,67
1611428284.375161,144,139,163,388,65,132,182,157,68
1611428284.38485,144,144,170,385,64,132,182,155,66
1611428284.39496,141,153,169,392,64,132,182,158,65
1611428284.405057,134,165,167,389,65,136,183,162,64
1611428284.415126,129,181,163,389,65,139,185,169,64
1611428284.424953,121,207,163,397,65,144,186,175,63
1611428284.434899,113,232,156,389,64,149,186,183,61
1611428284.44483,104,257,165,396,64,156,187,188,59
1611428284.45511,99,270,190,394,63,160,188,192,53
1611428284.464943,97,289,238,405,63,161,190,193,45
1611428284.475119,97,304,276,405,61,160,190,192,38
1611428284.484779,99,309,296,420,61,155,190,192,37
1611428284.495239,117,317,308,416,60,141,191,189,33
1611428284.50529,146,322,317,421,58,106,191,193,37
1611428284.515176,181,321,322,426,54,64,191,200,64
1611428284.525167,226,325,329,432,50,45,189,205,139
1611428284.535354,256,322,327,429,48,37,186,209,171
1611428284.545066,267,322,328,426,48,34,181,210,186
1611428284.555182,276,325,328,432,51,35,178,213,195
1611428284.564862,288,323,328,432,53,42,179,214,198
1611428284.57486,288,325,330,429,60,64,181,215,202
1611428284.585406,292,325,330,427,73,95,182,215,202
1611428284.595436,293,323,330,426,85,116,183,214,203
1611428284.605312,293,325,333,426,93,132,183,214,205
1611428284.615106,290,320,327,418,103,144,183,214,205
1611428284.62523,289,321,328,416,109,156,185,214,206
1611428284.635084,293,325,328,421,115,162,186,214,207
1611428284.645135,294,318,328,419,118,168,187,214,208
1611428284.654852,293,322,330,418,119,170,189,214,208
1611428284.665169,293,318,328,421,121,173,189,214,206
1611428284.675175,290,322,325,421,121,174,188,215,206
1611428284.68523,290,322,325,424,118,176,190,215,205
1611428284.694934,289,320,326,424,118,179,192,218,206
1611428284.7051,293,324,326,422,117,182,193,218,208
1611428284.715222,288,318,320,426,117,187,197,216,208
1611428284.725301,290,318,322,427,120,189,201,219,208
1611428284.73536,288,324,322,424,130,194,203,220,209
1611428284.745134,290,323,325,426,146,199,208,221,210
1611428284.755153,292,325,322,426,173,205,207,224,213
1611428284.764896,296,326,330,427,188,212,208,225,218
1611428284.775389,301,331,340,436,199,213,209,226,219
1611428284.784784,312,338,344,433,205,215,212,227,221
1611428284.794682,318,336,336,450,208,217,216,229,221
1611428284.804938,321,336,340,445,210,219,218,233,223
1611428284.814916,321,341,341,443,214,226,222,235,229
1611428284.82504,326,342,352,445,221,233,226,237,233
1611428284.835049,336,344,349,453,229,234,224,239,234
1611428284.845022,341,342,352,458,231,234,229,240,237
1611428284.855071,343,342,353,464,235,238,228,242,239
1611428284.864996,347,347,357,464,240,241,230,242,240
1611428284.874703,352,352,361,466,240,242,235,245,242
1611428284.884746,352,346,362,465,242,245,235,244,242
1611428284.895508,347,343,359,466,245,245,237,245,239
1611428284.905182,356,352,362,458,245,245,236,245,245
1611428284.915135,357,352,360,469,239,244,236,245,244
1611428284.925447,357,349,362,468,239,245,237,245,245
1611428284.935377,349,352,360,469,240,243,236,245,244
1611428284.945236,349,350,358,466,246,245,235,242,243
1611428284.954876,346,350,358,468,242,245,237,244,245
1611428284.965133,354,352,363,468,246,245,235,245,243
1611428284.975337,354,346,354,464,245,245,236,246,242
1611428284.985002,353,352,360,469,245,245,236,245,244
1611428284.995025,357,352,363,464,244,245,236,245,245
1611428285.005227,359,349,362,472,244,242,235,245,244
1611428285.015074,354,352,362,464,245,246,231,244,244
1611428285.025593,357,352,362,474,245,242,232,246,244
1611428285.034969,352,352,362,466,240,245,235,245,245
1611428285.045267,352,346,357,469,245,245,237,246,242
1611428285.05529,357,346,360,469,244,245,237,241,239
1611428285.064879,356,349,362,466,245,246,237,245,245
1611428285.075109,357,354,357,464,245,245,235,246,244
1611428285.084924,357,352,363,469,242,243,236,244,245
1611428285.09513,357,348,362,468,246,246,236,245,245
1611428285.105019,357,349,363,472,245,246,236,242,242
1611428285.115172,360,353,365,472,239,244,237,245,244
1611428285.125509,357,353,365,474,246,241,232,245,244
1611428285.135087,362,354,365,465,244,245,237,245,242
1611428285.14488,358,354,363,472,245,245,237,241,244
1611428285.155185,360,353,363,472,245,241,234,245,245
1611428285.165054,360,352,365,474,245,246,237,244,242
1611428285.174983,362,354,365,466,244,245,237,245,245
1611428285.185269,360,356,363,469,245,245,237,245,244
1611428285.19513,360,357,365,472,245,242,235,245,244
1611428285.204888,360,350,362,472,245,247,237,245,241
1611428285.215388,360,352,366,470,245,246,236,245,241
1611428285.225548,352,357,367,474,245,246,232,243,245
1611428285.234944,360,354,358,469,245,246,235,245,245
1611428285.244831,357,353,360,474,245,245,237,245,244
1611428285.255154,360,353,360,472,245,245,237,245,245
1611428285.264736,359,353,365,464,245,245,235,246,245
1611428285.275039,357,352,365,464,245,245,237,246,244
1611428285.285072,357,357,366,475,242,245,237,245,245
1611428285.295232,357,357,357,472,244,245,237,245,245
1611428285.305341,360,350,365,474,245,246,237,245,241
1611428285.315207,352,352,362,469,245,247,236,245,246
1611428285.325131,352,349,362,464,245,246,236,245,245
1611428285.335107,357,352,362,465,244,245,237,245,243
1611428285.344693,360,354,354,472,245,245,235,245,245
1611428285.355021,354,352,365,474,245,246,237,242,242
1611428285.365082,357,354,365,472,245,246,237,239,243
1611428285.375237,352,353,362,466,245,245,237,245,239
1611428285.385089,357,353,357,472,244,246,237,245,245
1611428285.395162,357,354,366,469,245,245,232,245,245
1611428285.404918,360,349,363,475,241,244,236,245,244
1611428285.415491,353,354,362,472,246,246,237,242,242
1611428285.424901,350,356,360,469,245,246,236,245,245
1611428285.435052,357,354,363,469,245,246,237,245,245
1611428285.445341,355,349,354,468,239,245,237,245,245
1611428285.455522,357,353,362,470,245,242,231,245,244
1611428285.465204,358,352,362,470,241,244,237,244,245
1611428285.475093,357,352,363,471,240,245,237,245,245
1611428285.484882,357,352,360,470,245,245,236,246,245
1611428285.494841,360,354,366,474,244,246,237,245,246
1611428285.504965,353,353,364,464,245,245,235,245,244
1611428285.514924,357,352,362,469,244,242,233,244,245
1611428285.524776,357,354,365,469,242,246,237,244,245
1611428285.53461,355,353,362,469,245,247,237,242,244
1611428285.54519,360,353,365,474,245,242,233,245,245
1611428285.555223,352,347,363,469,245,246,237,241,244
1611428285.565388,359,354,365,470,245,247,236,242,245
1611428285.575116,357,352,365,469,245,246,236,241,244
1611428285.584997,357,353,365,469,241,245,237,245,245
1611428285.594664,357,352,365,469,244,245,235,245,244
1611428285.604805,360,354,360,469,245,246,237,245,244
1611428285.614896,360,353,365,472,242,245,237,245,245
1611428285.624976,360,352,368,469,245,246,236,245,245
1611428285.634857,361,357,362,474,245,246,235,246,245
1611428285.644728,360,352,362,469,245,245,236,245,239
1611428285.65497,357,354,368,472,246,246,234,245,245
1611428285.664895,354,357,360,470,242,244,235,245,245
1611428285.675464,357,354,365,474,246,245,237,242,242
1611428285.684968,360,354,367,474,245,241,235,244,245
1611428285.694879,360,354,365,474,245,246,232,244,245
1611428285.705107,362,352,367,471,245,246,232,244,245
1611428285.714995,362,352,364,474,246,245,237,240,244
1611428285.725444,354,352,363,469,241,245,237,245,245
1611428285.735491,356,352,365,472,245,241,235,245,244
1611428285.74492,357,357,366,477,241,244,235,246,245
1611428285.754741,360,354,365,468,244,244,235,242,245
1611428285.764788,357,352,368,469,245,246,236,246,245
1611428285.775378,360,354,357,472,246,245,237,245,245
1611428285.785307,361,353,362,472,242,243,237,245,245
1611428285.794966,357,353,365,474,245,245,232,244,243
1611428285.805201,360,352,365,474,242,243,237,245,245
1611428285.814841,352,354,362,472,246,245,237,246,245
1611428285.825036,357,354,366,470,245,242,234,245,245
1611428285.834882,354,354,366,472,245,247,236,245,244
1611428285.844544,352,354,363,472,246,245,235,243,245
1611428285.8553,357,352,363,472,245,245,231,244,244
1611428285.865194,357,352,363,470,239,245,237,244,244
1611428285.874924,356,346,362,470,245,246,230,244,244
1611428285.885326,357,349,360,470,244,246,237,245,241
1611428285.894991,360,352,364,474,241,244,237,245,245
1611428285.904748,360,352,362,470,241,245,237,245,244
1611428285.915123,357,352,362,472,245,245,237,245,244
1611428285.924907,360,354,362,469,241,245,237,246,244
1611428285.934828,354,352,362,472,245,245,236,246,245
1611428285.945197,362,350,365,472,246,246,236,244,243
1611428285.955535,360,353,364,474,246,246,234,243,245
1611428285.965104,357,353,363,469,245,246,234,242,245
1611428285.975689,360,353,365,474,242,245,236,245,245
1611428285.985029,357,353,363,472,245,240,235,245,244
1611428285.995102,358,346,362,468,245,246,237,244,241
1611428286.004863,357,349,363,472,244,246,237,245,243
1611428286.015342,357,353,365,469,241,245,237,245,245
1611428286.025189,357,354,363,474,242,245,237,245,245
1611428286.035165,357,352,365,474,242,244,233,245,245
1611428286.04507,357,354,364,472,246,246,235,243,243
1611428286.055237,358,352,365,469,241,245,236,246,244
1611428286.06499,361,353,365,474,245,244,234,244,245
1611428286.074912,360,354,364,464,244,245,237,245,245
1611428286.084802,358,353,363,474,246,245,237,243,243
1611428286.095009,358,353,358,472,244,243,232,245,245
1611428286.105145,354,352,365,472,245,245,237,245,238
1611428286.115353,357,354,366,465,239,241,237,245,242
1611428286.125113,354,354,365,472,246,246,233,244,244
1611428286.135353,355,352,357,472,244,245,237,245,245
1611428286.145006,360,354,365,466,244,244,237,240,244
1611428286.155183,352,354,366,472,245,243,235,245,246
1611428286.165222,360,354,357,472,245,245,237,246,245
1611428286.174825,362,354,357,474,245,245,235,245,245
1611428286.185537,357,354,365,472,246,246,236,244,244
1611428286.195051,357,354,363,469,245,246,237,245,245
1611428286.20502,360,357,365,469,242,244,235,245,245
1611428286.21478,357,352,363,469,246,246,233,244,245
1611428286.225108,357,350,362,472,245,245,237,241,241
1611428286.234991,352,352,363,469,245,246,237,240,244
1611428286.245041,352,354,362,470,245,242,234,246,245
1611428286.254998,360,352,362,468,240,245,237,245,245
1611428286.265285,349,352,362,468,246,241,234,244,244
1611428286.275047,357,352,362,468,245,241,234,245,244
1611428286.285213,357,352,362,468,245,245,237,246,243
1611428286.295318,356,349,362,469,242,246,238,245,245
1611428286.30537,357,349,358,466,240,245,237,245,245
1611428286.315108,358,346,357,470,245,245,237,246,242
1611428286.324968,354,350,365,471,239,245,237,241,244
1611428286.334972,357,352,365,472,245,246,237,242,244
1611428286.344836,348,352,361,469,242,243,237,245,245
1611428286.355618,358,352,365,474,241,244,234,245,241
1611428286.365447,354,348,361,466,244,246,235,245,242
1611428286.374906,354,352,362,469,246,245,237,245,246
1611428286.385036,354,352,364,468,245,245,234,245,245
1611428286.394941,357,355,362,469,245,246,232,245,241
1611428286.404831,357,352,354,468,245,246,237,245,240
1611428286.415382,357,347,362,476,245,246,237,244,243
1611428286.425285,360,352,366,470,245,246,235,243,245
1611428286.43579,360,353,361,469,245,246,237,245,246
1611428286.44496,357,349,362,469,245,245,235,244,245
1611428286.45494,354,349,361,460,245,247,236,245,245
1611428286.464968,353,347,352,456,245,245,237,245,244
1611428286.47492,338,346,358,464,245,246,237,245,245
1611428286.485019,357,352,362,469,245,246,235,245,245
1611428286.495175,355,352,362,471,245,246,237,245,245
1611428286.505065,349,352,365,469,245,246,237,245,244
1611428286.515009,349,353,362,472,246,245,234,244,242
1611428286.525021,357,354,362,464,244,246,237,245,246
1611428286.535064,357,349,362,472,243,244,237,245,245
1611428286.544855,352,346,363,469,245,242,234,245,245
1611428286.554915,353,349,359,470,245,242,235,245,245
1611428286.564962,354,349,357,466,245,246,237,241,242
1611428286.575247,354,352,360,469,245,241,235,245,245
1611428286.585485,357,349,362,470,245,245,237,245,245
1611428286.595177,353,343,362,468,245,246,236,245,240
1611428286.605105,354,349,357,468,245,245,237,242,242
1611428286.614919,353,352,360,465,242,245,235,246,245
1611428286.624634,354,351,362,465,246,245,234,244,244
1611428286.635044,347,349,360,464,246,247,236,242,244
1611428286.644785,353,349,361,458,245,245,236,245,245
1611428286.654987,356,349,362,466,245,242,236,244,245
1611428286.665037,354,349,362,468,245,245,232,244,245
1611428286.675258,354,349,357,457,245,245,237,245,244
1611428286.68516,352,352,360,461,245,245,232,245,243
1611428286.695244,357,352,360,458,244,245,237,245,245
1611428286.704876,352,344,357,465,246,246,237,245,239
1611428286.714794,349,346,360,468,245,245,237,246,245
1611428286.72493,357,344,360,466,242,245,237,245,245
1611428286.735183,354,352,362,466,246,241,232,245,245
1611428286.745243,357,352,357,466,245,246,236,245,245
1611428286.7551,352,347,362,468,245,246,235,242,242
1611428286.765099,354,350,363,466,245,246,233,245,245
1611428286.774874,358,347,360,468,245,246,234,242,245
1611428286.785151,357,352,362,470,246,243,232,245,245
1611428286.795185,357,352,354,469,245,245,237,246,244
1611428286.805338,356,352,363,459,245,245,236,246,244
1611428286.815248,355,347,357,469,245,246,237,245,244
1611428286.825428,357,350,357,461,244,245,237,245,242
1611428286.835387,354,352,357,468,245,245,237,245,244
1611428286.845238,356,352,360,464,245,245,236,245,244
1611428286.855043,347,351,360,464,245,241,234,245,245
1611428286.865461,350,347,357,461,244,243,235,244,245
1611428286.875303,351,338,354,464,246,245,236,246,242
1611428286.885124,347,350,354,458,244,246,237,245,245
1611428286.895081,353,349,356,458,245,242,234,245,245
1611428286.905078,352,349,360,466,244,245,237,245,245
1611428286.914843,349,341,356,464,245,241,234,245,245
1611428286.925558,355,346,360,469,241,245,237,245,245
1611428286.934997,354,350,356,466,245,242,235,244,245
1611428286.945218,354,352,360,466,242,244,237,246,245
1611428286.955239,352,344,356,464,245,245,237,245,241
1611428286.965103,354,352,362,470,240,244,237,245,245
1611428286.974939,344,346,360,464,245,245,235,246,245
1611428286.984881,352,352,360,464,240,245,237,242,245
1611428286.994662,352,345,357,461,246,246,237,245,245
1611428287.00501,350,346,352,458,245,246,237,246,243
1611428287.014975,349,344,354,449,245,245,236,246,245
1611428287.024767,346,342,352,459,245,245,237,242,244
1611428287.035012,344,342,352,458,244,246,237,246,245
1611428287.045081,344,338,357,459,246,246,236,242,244
1611428287.055239,352,346,357,459,241,245,236,246,245
1611428287.064961,352,345,360,464,246,245,230,245,245
1611428287.074699,352,346,354,456,246,245,229,245,244
1611428287.08496,346,344,353,456,243,245,235,246,245
1611428287.094984,346,344,352,464,242,242,237,245,244
1611428287.105005,349,342,354,464,245,245,237,242,242
1611428287.114951,354,349,360,464,243,245,236,245,245
1611428287.124943,360,352,363,472,242,245,237,245,245
1611428287.134885,357,349,362,470,246,246,236,245,241
1611428287.145149,353,342,362,464,245,242,234,245,245
1611428287.155222,349,352,362,470,245,246,234,244,245
1611428287.164865,357,352,362,470,245,241,234,245,245
1611428287.175291,362,352,366,469,246,247,230,245,245
1611428287.18523,360,352,362,469,246,241,234,245,245
1611428287.19494,354,352,362,464,245,245,237,245,245
1611428287.204938,356,349,360,468,245,246,232,244,245
1611428287.214765,355,350,362,466,245,243,235,246,245
1611428287.225294,352,352,362,469,246,246,233,245,244
1611428287.235388,357,352,362,469,245,247,237,242,245
1611428287.245287,357,353,362,469,244,244,235,246,244
1611428287.255181,357,353,362,464,246,246,237,246,245
1611428287.265086,354,350,360,469,244,246,237,245,245
1611428287.274814,357,352,354,466,245,245,236,246,245
1611428287.285121,349,350,362,458,244,245,237,245,245
1611428287.29467,356,350,362,466,245,246,237,241,244
1611428287.304662,350,347,365,469,245,246,237,245,242
1611428287.315015,360,346,362,469,245,246,237,245,245
1611428287.324863,354,352,362,474,243,244,235,246,245
1611428287.334828,357,352,365,471,244,246,237,245,245
1611428287.344884,352,352,362,468,246,245,237,242,244
1611428287.35516,358,347,364,469,245,246,237,241,244
1611428287.364681,357,352,356,464,246,241,233,245,243
1611428287.375354,354,349,356,464,245,246,237,245,246
1611428287.385163,358,352,357,464,245,245,237,245,245
1611428287.395249,352,346,362,464,245,246,232,243,245
1611428287.405358,355,351,357,464,240,245,237,245,244
1611428287.414992,347,346,362,469,245,245,237,244,245
1611428287.425621,354,350,361,468,246,245,237,242,242
1611428287.43469,356,352,360,469,242,247,237,245,245
1611428287.444958,353,347,357,466,246,245,233,244,244
1611428287.454926,349,346,362,464,246,246,235,244,244
1611428287.464628,353,346,356,464,244,246,238,245,246
1611428287.475069,353,349,356,464,246,245,232,245,245
1611428287.485109,352,349,363,466,245,247,236,246,240
1611428287.495033,354,346,362,470,245,245,237,245,242
1611428287.504901,354,344,360,461,245,245,233,243,245
1611428287.51489,358,349,352,464,245,246,237,245,245
1611428287.525096,357,352,352,459,245,246,237,245,245
1611428287.535076,354,352,360,464,246,242,232,245,245
1611428287.545625,357,347,357,464,245,246,236,245,245
1611428287.555105,354,349,358,468,240,244,237,245,245
1611428287.565179,350,351,355,464,246,246,237,246,239
1611428287.575279,354,349,360,468,245,242,234,244,245
1611428287.585271,354,354,360,469,244,242,237,246,245
1611428287.595024,352,354,363,472,246,240,234,245,244
1611428287.605245,362,349,352,461,245,245,237,245,245
1611428287.615002,357,345,360,461,245,246,236,246,241
1611428287.625093,353,349,357,459,245,246,233,245,245
1611428287.634876,352,346,355,464,240,245,237,246,244
1611428287.644996,349,346,360,458,245,246,237,246,240
1611428287.655178,343,347,357,461,242,244,235,246,245
1611428287.665343,349,348,354,464,245,247,237,241,244
1611428287.675218,352,347,362,466,245,247,236,245,242
1611428287.685108,357,346,359,466,246,243,234,246,245
1611428287.695191,352,349,357,464,246,245,237,246,241
1611428287.705377,356,349,358,466,246,240,234,245,245
1611428287.715014,350,347,357,458,244,246,237,245,245
1611428287.72491,353,347,360,459,245,246,237,245,246
1611428287.73517,352,346,357,461,246,246,237,245,244
1611428287.745321,352,352,360,456,245,246,237,245,245
1611428287.754695,344,346,352,459,245,246,237,245,245
1611428287.764959,352,345,357,464,245,246,236,242,245
1611428287.775138,350,346,357,458,241,245,236,245,245
1611428287.785301,350,347,360,468,241,244,237,245,245
1611428287.795022,352,345,354,458,245,246,237,242,242
1611428287.804984,352,346,352,458,241,245,237,243,244
1611428287.814801,346,342,348,458,244,246,237,245,245
1611428287.824854,350,347,358,456,245,245,236,246,239
1611428287.834968,349,344,357,458,240,245,235,245,245
1611428287.844846,349,344,349,459,246,245,237,246,244
1611428287.855112,346,344,357,464,241,245,237,245,246
1611428287.86493,349,346,352,458,245,246,237,245,246
1611428287.875035,349,344,354,458,246,245,237,245,245
1611428287.885964,347,341,357,458,245,246,237,245,245
1611428287.894839,352,349,357,458,245,247,237,246,245
1611428287.904965,352,347,357,464,244,245,237,245,245
1611428287.915261,354,349,360,456,246,247,237,245,242
1611428287.924893,348,346,352,459,241,244,237,245,245
1611428287.935557,344,346,354,458,246,242,234,245,245
1611428287.945261,347,341,352,453,241,245,235,246,246
1611428287.955022,346,336,357,458,245,247,237,245,241
1611428287.965131,351,336,352,458,245,246,237,245,241
1611428287.974715,346,341,356,453,240,245,232,244,245
1611428287.984887,347,342,354,458,246,246,237,245,246
1611428287.995071,346,346,357,465,245,245,237,245,245
1611428288.004961,349,344,352,449,245,246,237,245,245
1611428288.015445,356,351,357,464,246,241,233,246,245
1611428288.02476,354,344,356,465,245,246,237,246,245
1611428288.034761,353,349,357,459,244,246,234,244,245
1611428288.045153,354,349,357,466,245,246,237,245,243
1611428288.055335,353,347,360,466,246,246,237,241,245
1611428288.065492,354,353,365,468,246,247,231,245,245
1611428288.075314,353,349,362,468,245,247,232,244,245
1611428288.084951,355,352,363,459,245,247,230,244,245
1611428288.095127,354,353,360,466,245,246,237,241,244
1611428288.105169,354,353,363,474,246,246,236,243,244
1611428288.114803,349,343,354,472,246,246,235,242,242
1611428288.125259,354,352,362,464,245,246,237,246,245
1611428288.134965,355,346,359,464,244,246,237,245,245
1611428288.145033,352,349,362,469,245,245,232,245,245
1611428288.154937,354,349,363,464,243,244,237,246,246
1611428288.165173,356,354,360,470,246,245,237,245,243
1611428288.175371,354,350,360,465,245,246,237,244,245
1611428288.185225,356,349,362,459,244,245,237,245,245
1611428288.194877,347,349,360,469,245,245,237,246,245
1611428288.205062,353,352,361,464,245,241,233,245,245
1611428288.215236,350,347,357,469,245,245,237,241,244
1611428288.225145,349,348,362,464,246,247,232,245,245
1611428288.235292,352,349,363,464,246,246,231,245,245
1611428288.245138,349,352,362,470,246,246,237,242,245
1611428288.255029,357,352,362,464,244,246,237,245,246
1611428288.265233,354,353,361,472,242,245,236,245,245
1611428288.275555,362,354,357,474,246,245,237,246,245
1611428288.285125,360,357,367,478,246,247,237,243,242
1611428288.294791,362,354,369,477,245,246,237,243,244
1611428288.305358,352,352,362,473,245,246,237,241,240
1611428288.314896,357,352,362,469,240,245,237,245,246
1611428288.325317,350,341,353,459,245,245,237,245,242
1611428288.335346,352,342,357,459,241,244,235,246,245
1611428288.345184,352,349,362,470,245,246,237,246,245
1611428288.355114,357,346,363,469,245,247,232,245,246
1611428288.365008,353,353,365,474,240,245,237,246,245
1611428288.374877,357,348,361,464,247,241,232,245,245
1611428288.385071,354,353,364,454,244,247,237,245,246
1611428288.394992,354,345,358,469,245,246,237,244,245
1611428288.404911,354,353,360,465,246,242,235,245,245
1611428288.414889,356,341,352,456,246,246,237,246,239
1611428288.425024,349,344,353,464,245,247,237,246,245
1611428288.43508,346,341,354,464,245,245,237,245,245
1611428288.445042,355,347,360,471,245,246,237,245,242
1611428288.455231,347,349,362,458,245,246,237,245,245
1611428288.464934,357,352,360,464,243,245,237,246,245
1611428288.475051,362,349,366,468,246,242,234,245,246
1611428288.48509,363,357,368,475,245,247,237,242,244
1611428288.495158,357,357,370,474,242,246,237,245,246
1611428288.505234,361,357,368,470,245,247,237,245,241
1611428288.5152,360,358,366,474,244,246,237,245,245
1611428288.525011,362,357,365,468,245,246,236,246,245
1611428288.535025,354,352,365,472,246,245,237,246,239
1611428288.54516,354,356,368,474,247,246,237,242,243
1611428288.554964,362,356,366,472,245,247,237,246,246
1611428288.564963,362,357,368,469,246,245,237,245,242
1611428288.574749,362,354,368,474,245,246,237,241,244
1611428288.585182,362,357,368,474,242,245,237,246,245
1611428288.595108,362,354,366,475,242,245,237,245,246
1611428288.60482,362,357,365,466,244,245,234,245,245
1611428288.614954,354,354,365,469,242,245,235,246,245
1611428288.624974,360,353,367,469,246,244,234,245,245
1611428288.635276,358,354,364,469,246,247,231,245,245
1611428288.64488,356,349,365,464,246,245,237,246,245
1611428288.654954,357,353,363,468,245,246,238,245,246
1611428288.665243,360,357,369,470,244,245,237,246,245
1611428288.674989,360,354,365,470,245,247,237,239,245
1611428288.684984,357,354,363,464,244,247,237,245,247
1611428288.695009,361,353,366,466,245,246,238,245,242
1611428288.704935,360,354,360,466,246,246,237,246,245
1611428288.715193,355,344,360,467,246,245,236,246,239
1611428288.725336,357,353,365,474,243,245,236,245,245
1611428288.735016,357,352,365,464,246,241,237,246,240
1611428288.744733,357,352,360,468,244,246,237,245,245
1611428288.754695,357,349,359,469,246,247,237,245,242
1611428288.76486,360,352,366,474,246,247,236,245,244
1611428288.775138,352,342,369,474,241,245,237,246,245
1611428288.785348,360,352,362,468,245,248,237,246,242
1611428288.794971,361,353,362,474,245,246,237,246,246
1611428288.805588,357,357,365,474,246,244,234,245,245
1611428288.81512,362,354,365,474,246,246,234,246,245
1611428288.825131,353,354,361,472,245,242,238,246,246
1611428288.834893,363,357,365,469,245,246,237,246,245
1611428288.844905,356,357,372,472,245,247,237,245,245
1611428288.855178,363,360,365,474,245,247,238,241,245
1611428288.865269,358,358,369,474,241,245,237,244,245
1611428288.875048,352,357,366,469,245,246,237,245,246
1611428288.884839,352,353,366,469,246,244,236,246,245
1611428288.895354,360,352,362,468,245,247,237,246,246
1611428288.905085,357,353,368,469,246,247,237,242,242
1611428288.914838,362,354,360,470,245,246,238,246,245
1611428288.925154,357,354,362,470,245,245,234,245,244
1611428288.935071,357,352,358,469,240,245,237,243,245
1611428288.945687,356,352,365,469,241,244,235,246,243
1611428288.955501,352,351,360,468,242,244,233,243,242
1611428288.964881,352,352,362,459,240,243,234,244,244
1611428288.974829,346,349,355,459,239,242,234,244,238
1611428288.985291,346,349,357,458,233,238,229,241,237
1611428288.994823,336,344,352,450,230,235,229,238,236
1611428289.004812,333,344,346,446,228,231,226,236,233
1611428289.014986,321,340,342,434,221,230,223,234,229
1611428289.024914,316,338,338,436,210,226,221,232,225
1611428289.035201,312,336,333,429,206,217,218,230,221
1611428289.045193,306,331,329,421,201,213,214,225,217
1611428289.055648,300,330,325,410,197,211,209,222,214
1611428289.065259,289,325,317,400,191,206,205,221,210
1611428289.075131,277,324,311,384,187,203,204,219,205
1611428289.085148,224,317,297,325,182,200,202,214,202
1611428289.094992,162,311,289,298,178,195,199,212,197
1611428289.104822,117,304,282,305,160,191,195,209,185
1611428289.115558,106,298,258,330,139,189,193,205,156
1611428289.125315,103,294,229,346,121,185,191,202,127
1611428289.13495,100,288,208,365,107,181,189,199,99
1611428289.144894,101,288,199,370,91,174,186,197,81
1611428289.15525,102,279,190,373,79,169,185,193,73
1611428289.165345,102,273,185,374,72,162,184,191,70
1611428289.175017,104,269,180,384,69,157,184,189,69
1611428289.185092,106,262,173,384,66,154,183,186,68
1611428289.195238,106,256,166,384,66,152,182,186,65
1611428289.204859,106,250,165,384,64,149,182,183,65
1611428289.215073,104,243,160,384,65,148,182,182,64
1611428289.225206,105,244,158,384,63,148,182,184,61
1611428289.234842,102,245,156,384,64,150,182,186,61
1611428289.244865,100,256,152,385,64,153,182,188,61
1611428289.255352,97,262,150,385,64,156,182,189,60
1611428289.264818,94,267,162,384,64,161,185,191,58
1611428289.275539,92,288,221,385,65,165,184,194,52
1611428289.284994,91,302,274,392,62,161,186,193,40
1611428289.295121,93,312,301,402,61,150,189,192,35
1611428289.304733,116,317,314,412,59,116,187,196,39
1611428289.315016,160,320,318,424,54,56,187,200,110
1611428289.325199,210,321,322,421,49,40,185,206,170
1611428289.33521,256,324,325,426,49,43,184,209,187
1611428289.345008,272,323,322,421,50,83,183,212,196
1611428289.355038,277,322,325,427,56,137,186,214,200
1611428289.364684,285,320,325,424,71,162,187,213,203
1611428289.374688,288,322,325,424,90,172,188,214,206
1611428289.384734,290,323,326,424,107,176,187,214,205
1611428289.394925,293,325,326,424,120,180,189,215,206
1611428289.404965,296,321,328,424,133,182,190,216,205
1611428289.41504,299,325,331,426,141,185,191,214,208
1611428289.42495,299,325,330,430,149,186,193,215,210
1611428289.434878,301,328,330,427,156,187,193,217,208
1611428289.445323,298,325,330,424,159,189,194,217,210
1611428289.455485,301,325,325,424,160,189,194,217,209
1611428289.465316,301,325,329,429,161,189,194,218,209
1611428289.475145,301,326,330,427,160,191,196,217,210
1611428289.48542,301,326,327,430,160,191,197,217,209
1611428289.495098,301,325,331,430,162,192,200,217,209
1611428289.505569,301,325,330,432,166,194,200,218,209
1611428289.515185,302,329,331,437,173,197,202,219,211
1611428289.525049,302,330,328,436,176,199,204,222,212
1611428289.535093,299,328,331,432,183,203,205,222,212
1611428289.544962,300,330,330,432,187,209,208,223,216
1611428289.554878,298,333,333,434,195,210,209,225,217
1611428289.564812,309,336,336,436,202,213,211,228,219
1611428289.575078,314,336,340,442,205,214,215,229,221
1611428289.584896,320,341,342,446,208,219,219,232,224
1611428289.594601,325,341,342,448,213,224,222,235,227
1611428289.60499,331,344,346,453,218,229,225,237,230
1611428289.615004,337,352,357,464,226,234,226,237,234
1611428289.625008,346,354,362,465,229,235,228,239,237
1611428289.634761,349,353,362,472,233,238,228,240,237
1611428289.645039,354,357,365,474,235,239,233,244,241
1611428289.654859,360,357,362,478,241,243,234,245,244
1611428289.664724,356,358,366,480,242,245,237,245,241
1611428289.67491,360,356,368,474,244,242,236,246,245
1611428289.684836,362,357,369,474,246,246,236,242,242
1611428289.694894,362,360,368,477,246,245,234,245,245
1611428289.704842,362,358,366,478,245,246,237,246,245
1611428289.715124,362,354,365,477,246,245,234,245,245
1611428289.724989,362,354,365,474,245,247,237,245,245
1611428289.73486,358,354,365,474,244,246,237,246,245
1611428289.744892,360,354,368,485,244,244,237,246,245
1611428289.755209,369,362,369,482,245,242,235,245,246
1611428289.764986,360,354,362,472,246,246,237,246,241
1611428289.774799,353,352,365,469,246,245,233,245,246
1611428289.784952,355,352,365,466,246,247,237,242,246
1611428289.794954,357,354,363,475,246,246,237,246,244
1611428289.80544,369,357,365,474,246,246,237,247,240
1611428289.815304,357,360,368,478,245,245,236,246,246
1611428289.825158,362,352,358,474,245,247,238,246,245
1611428289.834904,360,355,367,477,246,246,232,246,245
1611428289.845085,357,353,367,472,246,249,237,245,245
1611428289.855012,358,355,357,474,246,246,237,247,246
1611428289.864769,362,357,363,477,241,245,236,245,246
1611428289.875483,360,352,365,474,246,246,237,246,244
1611428289.88476,357,357,362,469,246,246,236,246,245
1611428289.894852,360,356,368,477,246,246,233,245,245
1611428289.904857,362,354,365,477,245,247,237,245,246
1611428289.914996,363,354,362,476,246,246,237,243,242
1611428289.924761,362,357,369,477,246,244,234,245,246
1611428289.934949,360,354,369,477,246,248,237,244,242
1611428289.945136,362,354,366,477,240,246,237,245,246
1611428289.954964,358,357,367,477,246,246,232,245,245
1611428289.965112,362,353,368,474,244,244,237,245,245
1611428289.975009,344,354,362,472,246,246,237,242,242
1611428289.984937,360,353,372,472,246,247,233,245,242
1611428289.995035,361,357,369,477,246,246,234,247,245
1611428290.004902,362,352,365,477,246,246,237,246,240
1611428290.014779,354,355,365,477,246,246,237,244,244
1611428290.024965,362,354,368,470,245,246,237,246,244
1611428290.035305,362,354,365,474,247,246,235,245,245
1611428290.045186,360,354,362,474,244,245,237,246,245
1611428290.05518,351,352,363,469,245,246,237,245,246
1611428290.065311,362,357,359,477,246,246,233,245,245
1611428290.075326,360,355,365,469,245,246,237,246,245
1611428290.085282,360,357,366,474,246,248,238,246,242
1611428290.095125,361,355,362,477,246,248,237,246,246
1611428290.105063,362,357,370,475,243,246,238,246,246
1611428290.115174,362,357,368,477,245,246,238,242,245
1611428290.125577,355,360,368,474,245,245,237,246,246
1611428290.136143,357,349,365,471,246,246,234,245,244
1611428290.144656,360,350,362,475,246,246,238,246,242
1611428290.155143,354,357,362,472,247,247,237,247,246
1611428290.165094,362,357,365,475,244,244,237,245,245
1611428290.17521,360,354,358,475,246,246,237,246,246
1611428290.184983,357,354,368,477,240,245,237,242,244
1611428290.194843,354,353,365,474,247,246,232,245,245
1611428290.204805,353,353,366,474,246,242,237,245,246
1611428290.214674,360,354,365,470,244,246,238,245,245
1611428290.224659,358,350,365,474,246,247,237,247,240
1611428290.235435,362,354,362,472,246,247,238,246,246
1611428290.245085,358,356,365,474,246,246,237,243,244
1611428290.254976,357,357,362,469,247,241,235,246,245
1611428290.265024,362,355,365,469,246,246,237,247,246
1611428290.274941,361,352,365,469,245,246,237,245,246
1611428290.285018,360,353,360,474,246,246,238,246,245
1611428290.295024,362,357,365,477,242,245,237,246,245
1611428290.304897,357,357,365,477,247,247,237,245,245
1611428290.315156,360,355,362,474,246,246,238,247,245
1611428290.325124,353,357,361,477,246,247,238,246,245
1611428290.3352,362,357,365,480,242,245,238,247,245
1611428290.345228,357,357,369,472,244,246,238,246,246
1611428290.354939,362,354,368,475,247,247,238,242,245
1611428290.364986,362,354,368,477,248,249,238,243,245
1611428290.375054,359,357,366,474,247,246,232,246,246
1611428290.385044,360,356,368,474,247,249,233,245,246
1611428290.394713,360,354,363,474,247,247,238,244,245
1611428290.404975,360,357,366,469,245,247,238,247,246
1611428290.414972,360,357,366,470,246,246,237,248,246
1611428290.425311,362,357,368,472,247,246,238,246,246
1611428290.435041,360,352,365,477,246,248,239,243,246
1611428290.445597,362,357,368,477,247,244,237,246,246
1611428290.455242,360,355,368,477,246,249,238,243,245
1611428290.465065,362,357,366,469,247,248,237,246,245
1611428290.474837,362,357,367,475,248,248,238,244,245
1611428290.484933,357,358,362,480,246,245,237,247,246
1611428290.495483,362,357,368,475,246,248,237,244,245
1611428290.505028,356,354,365,475,247,247,237,246,242
1611428290.514634,360,357,366,474,245,245,237,247,246
1611428290.524923,357,354,366,477,246,247,238,246,244
1611428290.534909,352,350,365,474,246,248,239,246,247
1611428290.545162,362,352,365,474,247,247,237,247,241
1611428290.555042,362,357,367,477,242,245,237,247,246
1611428290.564991,354,352,365,474,248,247,237,247,242
1611428290.575286,362,358,365,472,246,247,237,247,247
1611428290.585055,362,350,365,474,247,248,238,244,245
1611428290.595188,363,357,368,472,246,246,237,247,246
1611428290.604968,365,357,368,477,245,244,238,246,247
1611428290.615163,354,352,362,474,247,247,238,247,241
1611428290.625281,360,360,368,471,245,246,238,247,246
1611428290.635205,363,357,368,481,246,247,239,245,243
1611428290.644947,357,360,370,478,247,248,237,244,245
1611428290.654952,364,358,362,480,247,247,238,247,247
1611428290.664962,362,360,372,478,247,249,237,246,245
1611428290.674983,363,361,370,480,248,242,237,247,246
1611428290.684821,365,354,368,480,246,247,239,247,246
1611428290.695111,363,360,367,481,246,247,238,246,246
1611428290.705509,365,356,370,480,246,247,237,249,246
1611428290.714864,366,360,373,480,247,247,238,246,247
1611428290.725107,365,362,372,477,247,247,238,244,243
1611428290.735015,360,362,370,477,243,246,239,246,243
1611428290.745178,365,360,370,477,246,247,237,247,245
1611428290.755779,362,360,369,480,247,243,238,244,245
1611428290.764932,363,354,372,480,247,247,238,246,246
1611428290.775335,366,362,370,480,246,249,237,247,244
1611428290.785178,365,361,369,480,247,242,237,247,244
1611428290.795995,365,360,368,477,246,247,237,247,245
1611428290.805084,364,361,368,477,247,246,237,247,246
1611428290.815193,365,352,362,480,246,246,237,246,246
1611428290.825265,362,357,369,480,246,247,237,247,243
1611428290.835084,362,360,369,475,247,247,239,248,242
1611428290.844829,363,352,362,477,246,249,238,247,246
1611428290.855089,362,360,369,480,245,248,238,246,247
1611428290.865154,360,360,368,480,241,246,239,246,246
1611428290.875163,365,358,369,480,247,248,239,246,246
1611428290.885066,363,360,371,480,244,245,238,247,246
1611428290.894968,365,358,363,480,246,247,238,247,246
1611428290.904808,365,357,365,474,246,246,238,246,245
1611428290.915062,360,355,368,480,246,243,237,246,246
1611428290.925447,362,357,368,480,248,247,233,247,246
1611428290.935365,363,356,365,477,247,248,234,244,247
1611428290.945134,355,357,369,477,246,247,239,246,246
1611428290.955141,361,356,365,477,244,246,238,247,246
1611428290.964745,361,356,366,474,248,245,234,246,247
1611428290.974934,365,357,369,480,249,248,234,246,246
1611428290.985017,358,357,365,467,246,247,239,246,246
1611428290.995151,362,357,365,472,248,248,232,246,246
1611428291.005261,360,353,368,474,248,245,237,247,246
1611428291.015179,361,358,369,480,243,247,238,246,247
1611428291.025084,363,357,370,480,245,248,239,247,247
1611428291.035223,365,357,362,474,247,248,237,248,247
1611428291.045149,365,360,362,477,247,249,238,248,247
1611428291.055126,363,360,368,480,245,246,238,247,245
1611428291.064973,363,352,362,477,246,247,237,245,247
1611428291.074712,363,357,365,480,247,244,234,247,246
1611428291.085494,362,360,369,472,247,247,238,248,246
1611428291.095283,357,355,370,485,247,247,239,247,244
1611428291.105224,363,360,368,475,242,246,237,246,241
1611428291.114824,363,360,372,474,245,249,239,247,247
1611428291.12503,362,360,369,480,247,248,239,243,246
1611428291.134846,362,358,370,481,249,247,238,244,245
1611428291.144925,365,354,366,478,247,247,238,247,246
1611428291.155218,365,362,370,481,244,247,239,246,246
1611428291.165071,365,360,369,477,247,243,239,247,245
1611428291.175231,362,357,368,477,246,246,238,243,244
1611428291.185408,362,355,366,477,248,245,238,247,245
1611428291.194827,363,354,367,474,247,248,238,248,247
1611428291.204941,362,357,368,477,247,248,237,247,246
1611428291.215096,362,349,368,475,247,248,238,246,244
1611428291.224982,362,358,360,477,247,247,238,248,246
1611428291.235227,362,357,370,477,245,245,234,248,242
1611428291.244963,365,360,370,482,247,249,234,246,246
1611428291.255148,366,360,365,474,247,248,237,247,246
1611428291.265068,363,356,362,477,249,248,238,245,245
1611428291.274986,357,357,368,478,247,249,239,244,246
1611428291.284971,362,357,370,477,247,248,238,247,245
1611428291.295093,363,358,368,480,249,247,238,244,245
1611428291.304944,360,354,367,477,247,247,234,246,246
1611428291.315035,363,357,365,474,243,242,239,246,246
1611428291.324919,363,357,366,477,247,249,237,247,247
1611428291.33495,363,357,367,477,247,246,234,246,246
1611428291.344964,360,359,366,480,247,247,238,248,242
1611428291.355318,357,350,366,480,247,250,238,244,246
1611428291.365159,357,360,373,480,242,247,238,246,247
1611428291.375158,365,362,369,481,244,247,239,246,246
1611428291.385641,357,360,368,477,247,249,238,247,247
1611428291.395051,358,360,360,474,246,247,238,248,246
1611428291.404566,362,354,365,477,247,248,234,246,246
1611428291.415138,357,354,365,477,247,248,237,248,246
1611428291.425046,362,360,371,480,246,247,239,245,245
1611428291.434932,363,357,365,475,249,247,238,245,246
1611428291.445009,365,352,365,477,247,249,238,247,247
1611428291.455063,365,352,372,480,247,249,239,247,244
1611428291.465295,362,357,365,481,247,247,238,247,244
1611428291.47529,366,360,370,484,249,247,238,247,242
1611428291.485088,362,362,370,481,242,245,238,247,242
1611428291.495222,363,362,373,480,247,248,238,249,246
1611428291.505115,365,360,370,480,246,249,234,246,246
1611428291.515068,363,362,370,480,242,245,238,247,245
1611428291.525257,365,362,372,474,245,248,240,246,247
1611428291.53536,366,358,363,480,246,247,238,247,246
1611428291.545198,365,360,369,480,242,246,237,247,246
1611428291.555212,365,358,366,474,248,248,237,244,245
1611428291.564975,365,358,370,485,246,245,237,247,246
1611428291.575179,359,360,373,480,248,246,238,245,245
1611428291.585166,362,362,370,481,246,248,239,246,242
1611428291.594796,365,360,365,481,246,248,239,246,246
1611428291.604919,365,357,372,480,246,249,238,242,245
1611428291.615079,362,360,371,480,247,246,238,244,245
1611428291.625466,367,357,370,480,247,249,238,247,246
1611428291.634867,363,357,370,480,247,247,235,246,245
1611428291.644825,363,360,372,469,246,247,238,247,246
1611428291.655061,365,360,370,472,246,247,239,247,242
1611428291.665355,365,357,366,480,247,248,239,242,245
1611428291.675275,365,358,373,480,246,245,237,246,247
1611428291.685025,357,353,370,475,247,248,237,247,242
1611428291.694934,365,357,370,474,249,248,238,245,245
1611428291.704859,355,354,365,471,245,245,239,245,245
1611428291.714749,359,352,368,468,247,247,238,243,247
1611428291.72468,362,352,366,469,242,247,237,247,247
1611428291.734993,357,353,365,470,249,242,236,248,241
1611428291.7451,357,354,364,474,247,246,237,245,245
1611428291.754713,357,352,367,474,246,247,238,247,247
1611428291.764779,357,352,366,472,247,246,237,246,244
1611428291.774816,354,352,363,470,247,247,234,246,245
1611428291.785726,357,352,364,472,247,246,238,247,247
1611428291.795814,357,356,366,472,245,248,238,246,242
1611428291.805384,357,354,363,474,249,247,237,245,246
1611428291.814955,360,352,362,472,246,249,239,245,242
1611428291.82502,360,354,366,474,241,246,238,242,245
1611428291.834992,360,356,362,474,247,247,238,248,242
1611428291.845145,353,353,365,474,247,247,237,247,246
1611428291.854843,360,352,366,475,247,249,238,243,246
1611428291.865166,360,354,365,477,246,246,234,245,246
1611428291.875022,360,352,362,475,247,247,238,246,242
1611428291.884952,360,356,360,469,246,249,238,246,243
1611428291.894796,360,350,364,472,247,249,238,247,246
1611428291.904975,362,357,365,477,246,242,237,248,243
1611428291.914874,360,357,368,466,246,247,238,247,247
1611428291.92478,361,354,363,472,247,247,237,246,246
1611428291.935287,360,356,366,475,245,244,237,245,244
1611428291.94529,360,354,365,466,245,247,238,246,247
1611428291.954661,357,354,365,470,245,246,238,249,247
1611428291.964759,357,354,357,469,245,248,238,246,247
1611428291.974911,362,352,363,468,245,247,239,246,247
1611428291.985548,357,353,363,470,246,245,234,245,246
1611428291.995097,360,352,363,472,247,247,238,247,242
1611428292.004906,358,354,365,474,241,246,238,246,246
1611428292.014777,360,354,365,472,247,243,237,247,246
1611428292.02526,360,356,366,472,247,247,238,243,247
1611428292.035018,360,354,363,469,247,247,237,247,247
1611428292.045037,360,350,362,472,248,247,237,247,242
1611428292.055107,362,354,365,472,242,246,238,247,246
1611428292.065128,358,352,365,470,247,249,239,243,245
1611428292.075244,357,352,363,474,246,247,238,247,246
1611428292.085,360,353,365,470,247,248,238,246,242
1611428292.095152,360,351,365,469,247,248,238,247,246
1611428292.104934,360,354,366,470,248,245,239,246,246
1611428292.115514,360,352,365,474,245,245,234,245,245
1611428292.125183,357,352,365,474,246,247,239,246,241
1611428292.134929,352,352,362,474,247,247,237,248,241
1611428292.144792,355,352,366,472,248,244,236,246,247
1611428292.154982,360,352,365,475,246,248,238,245,242
1611428292.165083,357,354,365,474,247,246,233,246,246
1611428292.174919,360,353,365,472,246,246,234,246,246
1611428292.18496,360,352,362,470,241,246,238,246,246
1611428292.195206,360,352,360,474,247,247,237,247,246
1611428292.205126,360,354,365,474,248,243,234,246,246
1611428292.215228,360,352,365,466,246,247,238,247,247
1611428292.224859,356,353,365,470,245,248,237,245,246
1611428292.234973,358,348,365,474,247,247,238,247,242
1611428292.245206,352,353,362,472,247,247,235,247,246
1611428292.255219,360,353,363,472,246,242,232,248,245
1611428292.265385,357,352,365,469,245,246,237,247,247
1611428292.275108,358,352,365,470,247,248,234,245,246
1611428292.285222,357,352,362,474,246,247,233,246,245
1611428292.295183,350,354,362,472,246,247,239,246,244
1611428292.305215,360,349,363,470,247,248,237,246,246
1611428292.315279,358,354,363,470,247,248,238,247,246
1611428292.325106,360,347,365,464,246,246,237,247,246
1611428292.335108,360,353,366,472,246,244,237,246,247
1611428292.345362,352,352,365,470,248,249,237,246,244
1611428292.354853,362,357,365,468,246,247,238,248,245
1611428292.364784,360,356,365,470,247,242,234,247,246
1611428292.374652,361,357,365,474,243,246,238,247,246
1611428292.385268,360,352,368,465,246,247,238,247,247
1611428292.395216,354,354,365,474,248,247,238,243,245
1611428292.405049,361,352,360,472,248,247,237,245,245
1611428292.414878,360,357,365,469,246,246,238,249,242
1611428292.425396,360,354,368,474,246,247,233,246,246
1611428292.435055,357,354,366,470,246,248,237,244,246
1611428292.444749,353,354,360,473,246,248,238,246,246
1611428292.455115,352,353,368,474,246,248,234,245,247
1611428292.465008,361,357,365,475,247,244,237,247,245
1611428292.47488,362,354,365,474,246,249,238,246,247
1611428292.485298,360,357,365,473,247,242,236,247,246
1611428292.494987,360,356,362,470,246,248,238,246,247
1611428292.505316,360,354,365,472,242,246,237,247,247
1611428292.515399,352,354,365,474,242,245,236,246,246
1611428292.525297,362,354,362,474,247,246,238,248,245
1611428292.535482,360,354,362,470,247,247,237,245,245
1611428292.545128,356,353,365,474,247,247,233,246,246
1611428292.555187,360,354,365,469,245,249,238,246,247
1611428292.565227,360,355,360,472,247,247,237,248,245
1611428292.574952,360,353,365,474,246,249,238,243,246
1611428292.584844,354,354,365,474,247,242,237,247,245
1611428292.595008,360,357,357,466,246,248,238,246,247
1611428292.604772,360,354,365,470,247,247,237,247,246
1611428292.614833,361,356,365,470,243,246,237,247,246
1611428292.625045,360,353,366,474,247,247,237,248,245
1611428292.634867,362,354,366,474,242,246,238,247,246
1611428292.64487,362,349,363,474,246,244,237,246,246
1611428292.654798,357,354,365,469,246,248,238,246,247
1611428292.66489,352,356,360,470,247,247,237,247,246
1611428292.674982,362,355,365,474,246,244,237,247,246
1611428292.685444,354,349,363,474,246,247,239,246,241
1611428292.695274,360,352,360,474,247,248,239,244,245
1611428292.705148,360,353,366,474,247,246,233,246,246
1611428292.715416,357,352,365,470,245,246,237,245,246
1611428292.72535,360,355,365,471,245,246,238,247,245
1611428292.735061,360,354,364,470,247,248,238,246,243
1611428292.745409,354,355,366,466,246,247,238,247,247
1611428292.754831,357,354,365,477,247,247,238,245,244
1611428292.765063,357,357,368,480,242,245,238,247,246
1611428292.774963,362,357,365,477,246,249,238,247,247
1611428292.785325,356,357,366,477,246,248,238,247,247
1611428292.795104,362,357,365,480,249,247,233,243,242
1611428292.804847,363,356,366,477,247,248,237,245,246
1611428292.814915,353,352,365,474,249,249,235,246,246
1611428292.824874,362,357,365,477,247,246,238,244,245
1611428292.835265,354,357,367,477,248,247,238,245,245
1611428292.844993,354,357,365,477,246,250,239,247,242
1611428292.855858,362,358,366,480,246,246,238,247,246
1611428292.865255,363,354,368,470,246,247,239,247,246
1611428292.875165,362,357,366,469,246,246,238,247,245
1611428292.885014,363,354,365,471,247,247,234,246,247
1611428292.894955,361,357,368,477,246,248,234,246,245
1611428292.904859,362,357,360,474,247,249,239,246,244
1611428292.915344,362,352,365,474,246,247,236,246,246
1611428292.92492,360,357,365,474,247,247,238,246,246
1611428292.93484,362,352,365,477,246,247,238,247,242
1611428292.944842,362,357,366,474,247,244,237,246,247
1611428292.955043,357,354,365,475,248,247,234,246,245
1611428292.965041,360,349,363,470,247,250,238,245,245
1611428292.975145,362,354,362,472,247,249,238,245,247
1611428292.984991,362,354,366,470,246,246,237,246,247
1611428292.995196,352,354,365,474,245,245,238,247,246
1611428293.004789,362,352,365,474,248,248,238,247,246
1611428293.014942,362,357,367,474,245,246,238,245,246
1611428293.024875,362,349,366,469,246,244,238,245,247
1611428293.034885,357,354,362,471,247,248,238,243,246
1611428293.045167,362,354,368,474,243,247,239,245,246
1611428293.055476,362,357,368,480,245,246,238,248,246
1611428293.065457,360,356,365,474,248,247,239,248,242
1611428293.075151,362,358,366,480,246,244,237,248,246
1611428293.085169,360,358,368,475,248,249,239,247,243
1611428293.095088,362,357,369,474,243,246,238,246,247
1611428293.104851,362,357,368,480,248,247,238,244,245
1611428293.115144,360,354,368,474,246,249,239,246,246
1611428293.124908,363,357,368,477,247,245,236,245,246
1611428293.135257,360,352,367,475,247,249,238,246,243
1611428293.144893,355,352,366,474,242,246,239,247,246
1611428293.154813,360,356,367,474,247,249,238,244,246
1611428293.165002,361,356,360,470,248,248,238,247,246
1611428293.175227,357,354,362,472,247,247,238,249,247
1611428293.185164,358,353,368,465,245,248,239,247,247
1611428293.194712,360,358,366,470,247,248,238,247,248
1611428293.204823,360,357,362,469,246,248,238,249,247
1611428293.215081,362,352,365,474,248,248,238,247,246
1611428293.224961,362,354,368,477,249,248,238,245,245
1611428293.235159,362,357,366,476,249,247,239,247,246
1611428293.244947,355,355,362,477,249,248,234,246,246
1611428293.254965,352,357,370,469,248,244,236,247,246
1611428293.264824,352,357,362,474,247,247,237,245,245
1611428293.275738,360,352,365,474,246,249,239,247,246
1611428293.285317,357,352,365,474,246,247,237,247,244
1611428293.295164,357,349,363,474,247,246,237,248,243
1611428293.305238,360,354,367,474,242,245,237,247,245
1611428293.315378,354,354,363,472,246,247,238,247,246
1611428293.325272,358,360,368,472,247,247,238,247,246
1611428293.334943,362,358,369,477,242,246,237,247,247
1611428293.345406,360,353,368,474,246,244,236,246,246
1611428293.355321,355,354,366,474,247,249,238,248,244
1611428293.365196,362,357,366,477,242,246,238,248,247
1611428293.375274,358,352,366,477,247,249,239,244,246
1611428293.384812,362,354,365,475,248,247,238,245,244
1611428293.394906,360,354,368,477,247,249,238,243,245
1611428293.405278,362,357,362,472,246,249,238,246,247
1611428293.415399,360,352,366,474,247,248,237,244,245
1611428293.425109,362,357,368,469,245,246,237,247,247
1611428293.435362,360,352,368,469,246,247,238,247,247
1611428293.445193,360,350,366,477,248,247,238,249,247
1611428293.455003,363,356,368,477,246,248,235,245,246
1611428293.465076,357,355,365,474,247,245,239,246,245
1611428293.475827,357,356,363,474,246,249,239,246,246
1611428293.484901,362,357,365,475,249,247,233,246,246
1611428293.495067,362,357,368,472,247,248,238,245,245
1611428293.505232,363,357,365,477,248,242,235,247,246
1611428293.515044,362,356,366,469,246,247,239,242,246
1611428293.524694,360,357,363,475,247,248,239,247,246
1611428293.535351,360,352,362,474,247,247,238,248,242
1611428293.545079,357,349,366,474,249,247,236,246,246
1611428293.555423,362,360,362,472,247,247,237,247,247
1611428293.565037,353,357,356,469,247,246,237,247,245
1611428293.575177,354,353,366,472,246,248,238,245,244
1611428293.584787,361,354,368,474,248,247,234,246,246
1611428293.595351,361,357,365,475,245,246,237,247,246
1611428293.605249,360,357,366,470,242,246,238,247,245
1611428293.615193,362,357,365,474,248,246,239,247,245
1611428293.624875,352,354,362,474,245,248,239,247,246
1611428293.635072,354,354,365,469,248,248,238,244,245
1611428293.644945,357,352,366,474,242,246,238,246,246
1611428293.655024,355,352,360,470,246,248,238,246,247
1611428293.665213,357,355,368,474,247,244,237,246,247
1611428293.675026,361,358,365,472,247,249,235,245,246
1611428293.684834,362,357,366,472,245,246,237,246,245
1611428293.694823,358,357,360,470,247,246,238,246,246
1611428293.704718,362,353,369,474,242,247,237,247,247
1611428293.714877,357,357,365,477,244,246,238,247,246
1611428293.725248,362,356,365,475,247,246,237,244,245
1611428293.73507,362,350,360,470,246,249,237,246,243
1611428293.745085,354,349,362,465,246,246,237,247,245
1611428293.75526,354,352,365,474,242,244,237,247,245
1611428293.765136,360,349,362,473,245,245,234,244,245
1611428293.775182,357,350,364,474,245,247,238,246,245
1611428293.785302,352,353,360,473,246,246,237,247,243
1611428293.79536,357,352,365,476,245,246,237,245,245
1611428293.805245,358,354,365,464,244,246,237,245,246
1611428293.81523,360,353,363,469,245,246,237,245,245
1611428293.825013,356,349,365,474,246,245,237,241,242
1611428293.834959,357,353,363,468,240,244,236,245,245
1611428293.844635,356,352,354,469,239,245,235,245,245
1611428293.855533,354,347,360,466,245,245,235,245,242
1611428293.865207,357,352,365,469,243,245,236,245,245
1611428293.875081,357,356,365,472,241,245,235,245,245
1611428293.88508,357,348,363,472,244,244,235,242,242
1611428293.895601,353,352,362,472,244,244,235,244,242
1611428293.905079,354,352,363,473,242,245,234,243,242
1611428293.915031,357,353,365,472,241,241,233,244,242
1611428293.925199,352,352,362,464,239,241,233,244,241
1611428293.934801,354,352,362,469,238,241,232,242,241
1611428293.945168,347,349,354,464,235,238,232,241,239
1611428293.955061,349,348,354,459,235,237,230,241,237
1611428293.965038,346,346,355,464,233,234,229,239,235
1611428293.974751,342,347,353,459,232,235,228,239,235
1611428293.98577,341,346,353,458,230,235,225,237,235
1611428293.994899,341,346,352,456,231,233,225,237,233
1611428294.005547,338,341,349,458,229,230,223,237,232
1611428294.015643,336,344,347,452,228,233,223,234,233
1611428294.025492,338,341,347,453,227,230,225,235,232
1611428294.035287,333,343,346,450,227,232,223,234,231
1611428294.044919,336,340,346,453,226,229,223,234,230
1611428294.054789,333,342,348,449,226,230,221,232,229
1611428294.065018,331,340,344,445,224,228,221,232,229
1611428294.074857,330,337,342,445,223,229,221,230,226
1611428294.085413,328,336,342,445,221,227,220,230,226
1611428294.095335,326,336,341,445,221,225,219,232,226
1611428294.105151,325,334,338,437,219,226,219,229,226
1611428294.114966,322,336,336,440,219,225,218,229,225
1611428294.125005,322,336,336,436,218,225,219,228,225
1611428294.135155,321,336,336,434,218,223,218,229,222
1611428294.145261,318,333,333,432,217,222,217,229,221
1611428294.155353,316,328,333,432,214,222,217,227,222
1611428294.165028,314,331,333,426,213,223,216,226,221
1611428294.175166,310,330,332,426,212,221,215,226,221
1611428294.185188,309,330,330,424,210,219,215,226,218
1611428294.195216,307,326,326,421,208,219,215,224,218
1611428294.204738,305,325,328,416,205,218,214,223,218
1611428294.214856,304,325,325,416,203,217,213,224,215
1611428294.22493,298,324,324,410,202,217,214,222,214
1611428294.234887,298,325,321,408,202,215,213,222,214
1611428294.245203,294,321,317,405,198,213,212,222,213
1611428294.25511,293,322,314,405,197,212,211,222,212
1611428294.26478,293,318,314,402,197,212,210,221,210
1611428294.274815,291,318,315,405,195,210,210,220,209
1611428294.285006,289,320,309,401,194,209,210,219,208
1611428294.294843,288,318,312,401,194,210,209,218,208
1611428294.305204,288,319,309,394,193,208,209,218,208
1611428294.315164,285,317,306,392,190,206,208,217,205
1611428294.325879,285,315,306,395,191,207,208,217,205
1611428294.33485,284,312,301,389,190,206,208,217,205
1611428294.344846,278,314,301,386,189,203,206,216,204
1611428294.35484,276,310,301,384,189,204,206,216,203
1611428294.365221,276,309,299,373,186,202,205,215,202
1611428294.374868,272,308,299,365,186,202,205,214,202
1611428294.385265,266,309,296,349,185,201,203,213,200
1611428294.395298,256,306,293,336,181,200,203,213,197
1611428294.405218,237,304,293,315,177,197,202,212,197
1611428294.415151,224,302,292,290,174,196,200,210,197
1611428294.425593,208,296,288,266,170,194,198,209,194
1611428294.435067,189,299,285,245,164,190,195,208,193
1611428294.444795,173,296,277,229,152,189,194,206,190
1611428294.455088,150,292,270,224,137,186,192,203,187
1611428294.465072,128,291,246,221,124,185,190,201,184
1611428294.474902,108,288,218,225,115,180,189,201,180
1611428294.485229,97,284,188,229,107,175,186,199,170
1611428294.49506,90,283,155,232,98,173,186,197,162
1611428294.505032,88,282,128,237,91,170,183,196,153
1611428294.515187,87,279,107,243,84,168,182,196,145
1611428294.524878,85,280,101,248,75,165,181,194,139
1611428294.535048,83,278,96,256,69,162,179,194,134
1611428294.544823,83,277,90,258,62,159,180,193,129
1611428294.555144,81,274,84,263,58,159,179,193,124
1611428294.564927,81,272,77,274,54,157,178,194,116
1611428294.575067,80,272,74,294,50,152,176,194,104
1611428294.585235,78,269,72,327,47,149,178,193,82
1611428294.594852,81,268,80,356,45,140,176,191,63
1611428294.605303,85,278,173,366,44,131,175,187,50
1611428294.615105,102,294,269,384,45,119,175,180,37
1611428294.6251,126,302,290,384,45,102,173,168,34
1611428294.635506,166,306,298,389,44,53,170,182,53
1611428294.645279,210,308,303,390,43,37,165,191,115
1611428294.655063,236,310,305,397,44,33,160,198,165
1611428294.665159,256,310,309,397,52,38,166,205,183
1611428294.6751,267,311,309,400,74,74,171,206,192
1611428294.685064,272,314,308,397,95,112,173,208,194
1611428294.695493,273,310,308,400,112,139,176,208,194
1611428294.705088,274,312,310,400,122,154,177,206,197
1611428294.715423,276,310,309,400,128,163,178,206,195
1611428294.724769,275,312,305,400,131,167,179,206,197
1611428294.734845,275,312,303,400,133,170,178,208,194
1611428294.745109,272,310,306,400,133,172,177,205,196
1611428294.75509,272,311,304,401,134,175,180,206,194
1611428294.764798,272,310,304,400,133,175,180,206,195
1611428294.774979,274,309,304,401,137,178,179,206,194
1611428294.785026,273,310,305,400,138,180,179,207,196
1611428294.794967,273,309,306,404,139,180,182,206,197
1611428294.80484,274,310,308,405,143,181,183,207,198
1611428294.815019,277,312,308,405,150,185,187,207,197
1611428294.825052,278,310,312,408,158,186,187,208,198
1611428294.835524,282,314,314,416,170,190,193,210,197
1611428294.845117,282,313,314,416,180,195,196,212,200
1611428294.855031,285,314,314,418,182,198,199,214,203
1611428294.864998,288,317,312,421,189,202,202,216,206
1611428294.874783,293,320,318,419,195,205,203,219,210
1611428294.884915,301,321,324,426,198,209,206,219,213
1611428294.895365,306,324,324,426,203,212,210,222,214
1611428294.905061,308,330,330,430,205,216,214,226,218
1611428294.91469,314,333,336,433,210,221,218,229,222
1611428294.925163,323,336,342,442,219,226,219,231,227
1611428294.935093,329,337,341,444,226,229,221,233,229
1611428294.944837,336,341,346,447,226,230,223,234,231
1611428294.955187,336,342,344,452,229,233,227,237,229
1611428294.96539,341,342,352,458,232,237,226,237,237
1611428294.975165,346,346,356,460,236,234,232,235,237
1611428294.98528,349,347,356,464,238,235,228,241,239
1611428294.99499,352,344,355,464,238,241,232,239,235
1611428295.004975,352,344,355,464,241,240,229,240,240
1611428295.014874,352,347,357,465,235,239,233,241,240
1611428295.024939,352,346,358,466,241,237,229,240,239
1611428295.035172,353,350,361,468,242,238,232,242,242
1611428295.04491,354,348,360,468,243,243,229,240,240
1611428295.055203,355,349,362,459,241,242,234,241,242
1611428295.065408,352,346,357,464,241,244,233,238,241
1611428295.075094,352,346,357,468,242,242,233,242,238
1611428295.084963,350,349,358,469,237,240,233,242,241
1611428295.094665,347,349,357,468,242,242,234,242,235
1611428295.105288,352,342,357,466,241,243,234,243,242
1611428295.115004,356,349,360,466,242,244,230,239,241
1611428295.124769,354,348,360,468,242,243,229,241,241
1611428295.134731,352,347,360,469,237,242,234,242,242
1611428295.144774,346,346,357,466,241,242,234,242,242
1611428295.154982,352,347,357,465,244,243,234,239,240
1611428295.164901,355,352,362,468,243,243,234,244,242
1611428295.175594,356,348,361,459,243,243,234,244,242
1611428295.184875,356,349,362,466,240,243,234,244,243
1611428295.195349,354,350,360,469,242,244,234,238,240
1611428295.205416,354,350,358,466,242,244,234,242,242
1611428295.215413,349,352,360,468,243,242,232,242,242
1611428295.225225,353,349,362,474,244,245,234,243,242
1611428295.235287,357,352,357,469,244,245,237,244,244
1611428295.245135,354,354,363,474,244,245,236,244,245
1611428295.254846,352,352,365,471,244,241,230,243,245
1611428295.264957,352,349,362,470,245,245,234,245,244
1611428295.275001,354,350,362,464,243,245,234,245,244
1611428295.284884,357,352,354,469,245,245,230,244,243
1611428295.295297,352,352,363,471,242,244,236,245,244
1611428295.305036,357,352,365,472,239,242,235,245,242
1611428295.31522,357,352,363,470,245,246,236,239,242
1611428295.324932,349,347,362,466,244,245,236,244,242
1611428295.33476,360,354,363,472,244,240,234,244,244
1611428295.345342,352,352,362,474,245,245,235,244,245
1611428295.355022,354,354,363,472,245,239,234,245,244
1611428295.364873,357,352,362,472,245,241,230,244,242
1611428295.374888,357,354,363,474,245,241,231,245,244
1611428295.384987,354,353,363,474,245,244,229,244,244
1611428295.395086,354,349,362,474,244,245,237,239,242
1611428295.405095,358,353,365,472,244,245,237,245,239
1611428295.415167,352,352,363,472,244,246,230,242,245
1611428295.425154,354,352,365,466,242,244,236,244,244
1611428295.435158,357,354,356,466,244,245,237,244,240
1611428295.444731,352,354,364,474,245,245,235,242,244
1611428295.454981,356,354,365,474,242,245,237,245,243
1611428295.464825,354,354,362,471,243,245,237,244,244
1611428295.475184,360,354,365,474,242,245,235,245,245
1611428295.484895,362,357,365,464,245,244,236,245,244
1611428295.495166,349,347,363,475,245,245,235,245,239
1611428295.504862,360,352,362,474,245,245,235,241,242
1611428295.515184,357,353,361,471,244,245,235,246,243
1611428295.52518,352,352,365,475,243,239,234,245,244
1611428295.534925,354,349,362,468,245,246,236,241,243
1611428295.544978,355,351,362,472,241,245,235,245,245
1611428295.554821,351,346,363,471,245,245,235,245,243
1611428295.565261,352,349,361,466,246,240,232,245,245
1611428295.57526,352,352,357,464,244,245,235,245,245
1611428295.584818,354,346,354,464,244,245,237,244,241
1611428295.594769,357,350,356,470,244,245,236,245,243
1611428295.604786,356,353,363,464,244,244,235,245,244
1611428295.614763,357,352,362,474,241,245,237,244,244
1611428295.625219,354,352,365,468,245,245,236,242,242
1611428295.635108,358,352,358,468,245,245,235,242,244
1611428295.644941,357,352,357,474,242,246,237,244,244
1611428295.655013,357,349,362,465,243,245,237,245,244
1611428295.66514,356,352,362,464,243,246,236,244,245
1611428295.674925,354,349,362,469,245,244,235,245,242
1611428295.685107,349,346,360,468,245,245,235,245,244
1611428295.695156,347,349,360,470,245,245,230,244,243
1611428295.704965,353,349,360,464,244,245,235,244,245
1611428295.715068,351,349,357,467,241,244,235,246,245
1611428295.724984,348,342,360,469,245,245,236,242,245
1611428295.734799,354,346,357,469,245,245,233,244,242
1611428295.744976,354,346,357,466,245,245,231,245,244
1611428295.755074,352,349,358,467,245,245,236,244,244
1611428295.764987,353,352,354,470,245,245,235,245,244
1611428295.775183,357,350,363,469,245,246,230,244,245
1611428295.785227,356,347,352,468,244,245,236,244,244
1611428295.795323,349,347,358,468,245,242,230,245,244
1611428295.80519,349,347,358,468,245,244,230,245,242
1611428295.815101,352,347,360,465,245,245,235,242,242
1611428295.825377,352,347,357,465,245,245,229,245,244
1611428295.835167,354,346,357,464,245,245,235,245,245
1611428295.845312,356,341,360,466,244,245,236,245,238
1611428295.855007,353,346,352,464,240,245,232,245,245
1611428295.864678,354,349,358,466,245,246,235,245,245
1611428295.875687,354,343,358,464,245,245,235,245,245
1611428295.885099,352,347,360,465,245,245,235,243,245
1611428295.895136,353,349,360,458,242,244,234,245,245
1611428295.905284,352,346,360,464,242,245,235,244,244
1611428295.915449,352,349,360,469,245,240,234,244,243
1611428295.925259,356,345,357,468,244,246,237,245,244
1611428295.935006,353,352,362,469,245,245,232,244,244
1611428295.945049,357,345,358,466,245,246,235,245,238
1611428295.955203,354,349,357,464,245,246,236,245,245
1611428295.964927,354,349,358,465,241,241,235,245,239
1611428295.975243,352,346,357,466,242,244,236,245,243
1611428295.985245,354,349,355,465,244,246,237,244,242
1611428295.994935,352,349,353,464,245,245,235,245,244
1611428296.005002,355,346,352,468,244,245,237,245,242
1611428296.015091,353,349,360,468,244,245,236,245,242
1611428296.025321,349,346,357,470,245,246,235,242,242
1611428296.035146,352,349,362,469,245,245,235,245,239
1611428296.045057,352,349,358,461,244,245,235,242,243
1611428296.054912,354,347,360,466,241,244,235,244,244
1611428296.064942,347,347,360,466,245,246,235,241,242
1611428296.07498,354,349,357,469,239,241,235,245,242
1611428296.084699,354,344,360,469,245,245,232,246,245
1611428296.094772,353,352,362,465,245,246,236,245,245
1611428296.104741,356,352,357,466,244,244,236,243,245
1611428296.114924,349,349,360,468,242,243,237,245,244
1611428296.125113,354,346,357,469,245,246,235,245,241
1611428296.135089,352,349,358,464,245,245,235,241,242
1611428296.145007,349,347,355,468,245,245,231,244,244
1611428296.154901,355,346,357,464,245,242,232,244,243
1611428296.164895,354,352,357,466,240,244,235,245,245
1611428296.174773,352,344,357,464,245,245,235,246,239
1611428296.185034,354,348,360,464,246,245,235,242,242
1611428296.195025,352,349,353,453,245,245,235,245,245
1611428296.20498,352,346,360,465,244,245,235,242,242
1611428296.21487,354,347,355,462,239,243,234,244,241
1611428296.225151,349,346,357,454,244,245,235,244,244
1611428296.235106,352,349,357,464,245,241,234,245,244
1611428296.245027,347,349,360,464,244,242,235,244,244
1611428296.255372,353,352,360,460,244,245,236,244,245
1611428296.264944,353,349,360,469,245,245,237,242,242
1611428296.275281,354,352,360,469,243,241,235,243,244
1611428296.285226,353,346,360,466,244,245,237,242,241
1611428296.294866,357,349,362,468,245,246,235,242,244
1611428296.304883,354,353,362,468,244,245,235,245,239
1611428296.315185,353,349,362,464,244,245,237,245,244
1611428296.325333,354,352,360,464,239,243,235,244,244
1611428296.33466,354,349,362,464,239,244,236,245,244
1611428296.344687,349,349,356,464,245,245,235,241,242
1611428296.355136,352,347,360,464,244,240,234,245,244
1611428296.364977,352,341,356,464,244,245,237,245,245
1611428296.375046,353,346,357,464,245,244,230,244,243
1611428296.384953,352,346,357,461,240,243,235,245,243
1611428296.395019,349,344,357,464,242,243,235,245,244
1611428296.405501,352,346,357,464,245,245,237,241,244
1611428296.415207,346,346,357,464,245,245,235,244,242
1611428296.425035,352,346,357,458,242,246,237,245,245
1611428296.43486,352,348,356,464,245,244,229,245,245
1611428296.445093,352,342,357,464,245,245,236,245,239
1611428296.455314,353,346,358,464,245,246,231,243,244
1611428296.465174,352,346,357,466,245,245,231,245,243
1611428296.47536,346,346,360,464,239,244,237,244,245
1611428296.485358,353,344,358,461,244,245,236,244,242
1611428296.495006,346,348,354,464,244,246,236,245,245
1611428296.504874,352,348,360,459,245,245,235,245,245
1611428296.515371,354,349,360,464,245,244,235,245,244
1611428296.52497,353,347,354,459,245,246,235,245,245
1611428296.534836,354,349,358,469,242,242,235,245,245
1611428296.544914,356,345,355,469,245,242,234,245,245
1611428296.55488,354,353,362,467,246,245,230,243,244
1611428296.565089,352,352,363,469,241,245,237,245,245
1611428296.575082,354,348,362,470,245,245,237,245,239
1611428296.585265,357,353,362,469,239,244,235,245,245
1611428296.594899,360,346,362,465,244,246,237,244,239
1611428296.60471,352,346,357,465,244,245,237,244,241
1611428296.61483,354,347,362,466,245,246,235,241,242
1611428296.624954,356,352,360,469,241,243,234,245,244
1611428296.634833,356,349,362,469,245,242,235,244,245
1611428296.644956,346,352,357,465,245,245,234,245,245
1611428296.655035,357,352,362,465,245,241,233,245,245
1611428296.665251,354,349,360,464,239,244,234,245,245
1611428296.674954,354,352,360,466,246,245,229,244,243
1611428296.68498,352,350,358,465,240,244,234,245,244
1611428296.6949,347,346,360,468,244,245,235,239,242
1611428296.705163,350,341,352,461,245,244,235,245,239
1611428296.714972,357,349,354,466,245,244,235,245,242
1611428296.725051,355,352,362,459,244,245,235,245,245
1611428296.735017,354,346,362,468,245,246,237,245,240
1611428296.745183,355,352,357,465,245,245,235,245,243
1611428296.755245,356,344,362,469,244,246,237,244,238
1611428296.764854,357,352,362,468,245,242,231,245,245
1611428296.774942,354,352,362,466,245,246,230,245,244
1611428296.784767,355,353,363,469,246,241,233,245,245
1611428296.795086,358,353,362,468,242,243,235,245,243
1611428296.805407,352,353,362,469,242,245,235,245,245
1611428296.815193,349,349,357,466,245,245,237,245,245
1611428296.825475,357,349,362,469,245,245,235,242,244
1611428296.835034,349,346,358,468,246,245,235,245,239
1611428296.844783,354,349,362,468,245,242,235,244,244
1611428296.855037,357,350,358,468,241,244,235,245,244
1611428296.865219,352,344,360,468,245,245,237,241,242
1611428296.874769,347,348,360,458,242,245,236,245,246
1611428296.885044,355,342,357,464,245,246,236,245,242
1611428296.895287,352,349,360,464,238,244,237,243,244
1611428296.904914,353,349,357,465,245,240,233,245,243
1611428296.914919,354,350,357,464,245,245,235,246,244
1611428296.925033,354,349,357,464,245,246,237,244,243
1611428296.935068,352,349,362,458,244,245,237,245,245
1611428296.945161,354,350,360,464,245,244,232,245,245
1611428296.954865,354,352,362,468,245,246,230,245,245
1611428296.964967,356,353,357,474,245,245,236,246,244
1611428296.975133,360,357,365,469,246,246,236,240,243
1611428296.984921,353,352,361,469,245,245,235,245,242
1611428296.994958,350,347,360,469,245,246,237,245,241
1611428297.004989,360,352,360,468,245,245,234,243,242
1611428297.014908,357,353,357,466,245,245,235,244,245
1611428297.025013,354,352,354,466,244,245,237,244,244
1611428297.035217,349,346,360,465,245,246,237,242,242
1611428297.045124,354,352,363,469,245,241,235,244,245
1611428297.055167,356,346,362,469,244,246,237,245,239
1611428297.065017,356,352,362,468,239,242,236,245,243
1611428297.074966,354,352,362,464,244,245,237,246,244
1611428297.084729,357,346,357,464,246,241,234,245,245
1611428297.094977,354,344,357,462,245,245,234,243,245
1611428297.104845,352,345,356,468,245,245,236,240,242
1611428297.114802,354,344,354,466,245,245,235,245,239
1611428297.125038,352,346,356,459,243,245,237,245,244
1611428297.134958,352,349,358,464,245,241,234,245,245
1611428297.144737,353,347,357,467,241,244,235,246,244
1611428297.155088,346,349,360,474,238,244,237,244,244
1611428297.165108,353,350,362,459,244,245,236,245,243
1611428297.174972,357,350,357,469,244,245,237,245,244
1611428297.185293,349,353,362,469,245,242,234,245,245
1611428297.194918,357,354,362,465,242,245,236,245,245
1611428297.204887,354,352,362,468,245,245,236,239,242
1611428297.215157,357,352,362,468,242,245,236,244,245
1611428297.225167,353,352,364,469,245,245,237,239,242
1611428297.235856,352,349,360,468,245,245,235,242,242
1611428297.244932,358,352,365,474,244,242,232,243,243
1611428297.255158,357,352,365,474,242,242,235,244,245
1611428297.265049,356,353,363,470,245,246,236,241,242
1611428297.275502,357,354,354,468,245,240,233,244,244
1611428297.285259,350,349,362,469,244,245,231,242,243
1611428297.295202,354,352,362,469,240,244,234,245,244
1611428297.304981,354,352,360,464,244,245,237,245,245
1611428297.314686,355,352,362,469,244,245,237,245,240
1611428297.324723,357,348,362,471,244,240,234,244,243
1611428297.33477,352,353,365,469,239,245,237,245,245
1611428297.34503,357,352,363,470,245,245,235,241,242
1611428297.354948,358,353,363,468,245,245,237,243,241
1611428297.364862,357,352,363,464,243,245,235,244,245
1611428297.37499,352,347,360,469,245,246,235,245,239
1611428297.384752,357,352,362,469,246,245,230,245,242
1611428297.395078,350,352,362,464,245,245,235,242,244
1611428297.405056,357,352,365,469,242,243,235,244,245
1611428297.415493,352,352,362,468,244,245,236,245,244
1611428297.424966,352,352,365,470,244,246,232,242,244
1611428297.434774,357,353,363,472,245,246,236,244,241
1611428297.445189,352,352,365,469,242,245,235,244,245
1611428297.45549,354,352,365,474,245,246,237,241,242
1611428297.465002,357,352,362,466,244,245,236,245,244
1611428297.475029,358,352,365,472,244,241,234,244,244
1611428297.484994,353,349,360,469,245,245,235,241,242
1611428297.494949,357,352,363,464,242,244,237,245,244
1611428297.505303,354,350,362,469,245,246,232,242,244
1611428297.514887,349,349,360,469,245,245,231,245,244
1611428297.525131,354,352,361,466,245,245,232,244,243
1611428297.535104,360,354,360,467,242,242,235,245,245
1611428297.545061,354,352,362,472,245,241,232,245,244
1611428297.555365,360,349,362,469,244,245,237,245,239
1611428297.565044,360,353,366,472,241,245,237,244,245
1611428297.574898,357,354,365,469,245,245,237,245,242
1611428297.584939,360,353,363,464,243,245,237,245,244
1611428297.594703,357,352,362,469,245,245,237,245,241
1611428297.605776,357,352,357,466,245,241,233,244,244
1611428297.614626,357,352,362,469,242,244,237,245,244
1611428297.624723,357,353,362,470,242,245,237,245,245
1611428297.635381,357,349,361,470,245,245,235,244,242
1611428297.644768,360,352,365,469,238,245,237,244,245
1611428297.655159,357,349,363,464,245,245,235,245,244
1611428297.665012,357,347,362,470,245,245,237,242,242
1611428297.675062,360,352,365,469,242,245,237,245,245
1611428297.685117,357,349,358,469,245,245,237,245,243
1611428297.694896,357,352,357,469,243,246,237,245,244
1611428297.705011,360,352,357,469,244,245,236,246,243
1611428297.715196,352,352,361,471,245,245,234,241,242
1611428297.724807,354,352,362,469,241,245,237,244,244
1611428297.73468,355,352,360,469,245,245,233,244,244
1611428297.745224,354,349,357,468,245,245,235,245,241
1611428297.755229,357,352,362,470,242,242,234,245,244
1611428297.765109,357,347,362,461,245,239,234,245,243
1611428297.774763,357,350,362,469,239,243,237,244,245
1611428297.785152,357,349,362,469,241,244,236,245,242
1611428297.794983,354,349,362,465,242,245,235,245,245
1611428297.805423,356,349,360,469,245,241,234,245,244
1611428297.815054,355,352,360,468,239,243,236,245,244
1611428297.825025,354,352,362,468,245,246,236,241,242
1611428297.835279,354,352,353,468,245,245,234,245,244
1611428297.845057,357,349,355,466,244,245,236,245,242
1611428297.854859,355,352,355,458,245,246,237,245,241
1611428297.864579,354,346,362,464,244,246,237,245,245
1611428297.875244,357,349,362,466,245,245,237,245,243
1611428297.885083,357,352,358,464,245,245,236,245,245
1611428297.895068,357,352,357,468,244,246,237,245,245
1611428297.905341,349,353,363,464,245,245,235,245,245
1611428297.915318,353,352,363,473,245,245,232,245,244
1611428297.925311,353,349,363,469,245,246,237,240,243
1611428297.935014,357,354,357,469,245,245,235,245,244
1611428297.944872,352,352,363,472,245,245,235,242,242
1611428297.954818,360,352,360,470,245,245,236,246,244
1611428297.965073,360,349,363,471,241,245,235,245,245
1611428297.976102,357,354,362,469,239,245,235,245,245
1611428297.985188,357,346,357,469,245,245,237,246,239
1611428297.995295,358,350,363,468,244,246,236,242,243
1611428298.005094,358,353,357,469,242,242,236,245,244
1611428298.015309,357,352,357,466,245,245,232,245,245
1611428298.0251,353,352,362,469,245,246,230,245,245
1611428298.035244,357,353,356,464,245,245,237,245,245
1611428298.045059,352,352,360,466,238,245,237,244,245
1611428298.055178,354,353,365,475,244,245,237,246,243
1611428298.065567,362,360,365,474,244,245,236,245,245
1611428298.074792,364,360,368,477,241,245,237,245,245
1611428298.085303,357,357,367,480,245,245,235,244,243
1611428298.094844,360,358,370,475,243,245,235,245,245
1611428298.105157,363,360,369,471,245,245,235,245,245
1611428298.115158,365,357,368,474,245,245,235,245,244
1611428298.126132,357,357,368,478,244,242,234,244,244
1611428298.135061,363,357,368,475,239,243,237,245,244
1611428298.145057,357,356,362,472,245,245,235,245,244
1611428298.154928,358,354,366,477,246,245,236,245,245
1611428298.164848,358,360,369,475,246,244,230,244,245
1611428298.174631,365,360,370,477,246,244,231,245,245
1611428298.184972,363,357,365,477,244,245,237,245,244
1611428298.194916,363,360,362,470,245,242,236,246,240
1611428298.205479,363,360,369,477,242,245,236,244,245
1611428298.215045,362,357,370,477,245,246,237,240,244
1611428298.225143,360,358,368,480,245,245,235,242,243
1611428298.235705,362,360,370,480,241,244,234,245,245
1611428298.24529,365,360,369,470,244,245,235,245,245
1611428298.25513,362,360,362,475,245,244,236,246,244
1611428298.265183,365,357,369,477,245,245,230,245,244
1611428298.275183,356,362,366,474,245,246,236,244,245
1611428298.285209,365,358,372,482,244,241,235,245,244
1611428298.295389,366,362,369,483,245,242,236,245,244
1611428298.30553,365,358,370,480,245,246,235,242,244
1611428298.315146,361,362,373,480,245,246,231,244,244
1611428298.32477,366,362,370,480,239,244,237,245,244
1611428298.334735,365,354,370,480,244,246,237,245,240
1611428298.344742,362,357,368,481,245,246,235,244,244
1611428298.354876,364,362,373,480,245,241,234,244,245
1611428298.364818,363,360,369,480,246,245,235,241,240
1611428298.37522,365,357,365,480,245,245,237,245,244
1611428298.385143,365,353,366,477,245,245,235,245,241
1611428298.394859,360,362,370,480,241,242,235,245,245
1611428298.404819,365,358,370,470,242,245,237,245,244
1611428298.414964,360,352,370,477,244,246,237,245,239
1611428298.42498,365,361,368,477,245,242,235,244,245
1611428298.435079,362,357,367,477,245,242,232,245,243
1611428298.444978,358,357,368,474,245,246,231,242,244
1611428298.454784,362,362,362,472,245,245,235,245,245
1611428298.464561,358,360,368,475,245,244,230,245,245
1611428298.474867,363,360,362,475,244,243,234,244,245
1611428298.485174,360,360,368,474,245,239,231,244,244
1611428298.49516,362,356,365,472,244,239,234,243,243
1611428298.505307,362,354,360,470,244,245,235,244,245
1611428298.515142,362,353,365,472,241,244,235,245,244
1611428298.525061,358,354,365,470,245,245,230,242,244
1611428298.535098,360,348,362,472,243,245,235,245,238
1611428298.544844,358,349,366,472,245,245,230,243,242
1611428298.555123,357,354,365,470,239,244,235,244,245
1611428298.565065,360,353,362,464,244,244,234,245,245
1611428298.575281,360,354,365,475,244,245,235,241,242
1611428298.584876,356,357,365,474,245,245,234,245,239
1611428298.59519,362,355,366,470,244,241,232,244,245
1611428298.605082,362,354,358,470,244,245,236,243,244
1611428298.615002,360,360,360,474,244,245,234,245,245
1611428298.625274,358,352,363,470,245,245,234,244,242
1611428298.635172,352,352,363,474,244,245,234,245,239
1611428298.644736,362,354,365,474,245,242,234,245,244
1611428298.654641,360,353,365,472,245,245,235,240,242
1611428298.665022,357,353,363,469,245,239,232,244,244
1611428298.675253,357,351,363,470,245,246,236,244,241
1611428298.685155,354,353,362,470,240,244,234,244,244
1611428298.694912,360,352,362,464,244,245,235,245,245
1611428298.705069,357,346,364,474,244,245,235,245,238
1611428298.715226,362,352,363,470,242,245,237,245,243
1611428298.725877,357,353,363,472,245,239,232,242,245
1611428298.735186,360,354,363,474,240,244,234,245,244
1611428298.745094,360,354,360,468,244,245,236,244,245
1611428298.755248,355,353,365,469,245,245,234,242,244
1611428298.765343,360,354,363,472,245,242,235,245,243
1611428298.775309,357,352,365,470,242,244,235,245,244
1611428298.785247,356,353,360,468,244,245,236,244,245
1611428298.795058,362,355,360,475,245,244,235,245,244
1611428298.804944,360,357,362,470,244,245,235,244,244
1611428298.814732,360,349,363,472,245,240,234,245,244
1611428298.825371,357,350,362,474,244,245,235,245,241
1611428298.835308,357,353,365,466,242,244,235,244,242
1611428298.84499,356,352,363,469,242,243,235,245,242
1611428298.85487,360,354,365,470,245,244,235,241,242
1611428298.865495,355,354,356,469,244,245,234,244,244
1611428298.874958,357,357,365,466,243,244,234,244,242
1611428298.885141,357,353,363,469,244,243,234,244,244
1611428298.895228,357,352,362,472,245,244,229,244,243
1611428298.905067,357,352,365,464,242,245,235,245,244
1611428298.915299,352,352,362,465,245,245,235,245,245
1611428298.925118,357,350,362,471,244,245,235,241,242
1611428298.935147,356,354,355,468,244,245,237,244,244
1611428298.944796,352,352,365,464,242,243,235,245,244
1611428298.955355,354,354,363,472,245,245,234,241,244
1611428298.965241,355,349,360,467,243,245,236,244,241
1611428298.975189,357,352,363,464,243,245,236,244,244
1611428298.985248,352,352,365,470,239,243,235,244,243
1611428298.995028,355,352,362,472,242,244,235,239,244
1611428299.005035,352,346,358,468,243,243,233,244,238
1611428299.014883,352,352,361,468,242,241,229,243,242
1611428299.025005,352,352,362,466,239,238,232,241,240
1611428299.035294,348,346,357,465,237,241,232,241,237
1611428299.045121,348,347,354,466,235,234,228,239,237
1611428299.055026,341,346,352,461,233,235,226,237,235
1611428299.065209,337,342,347,459,230,232,224,236,234
1611428299.075537,337,341,347,453,228,232,224,234,231
1611428299.085141,336,338,346,453,226,229,223,233,230
1611428299.095103,333,336,344,450,224,229,222,232,228
1611428299.104715,330,336,341,445,222,228,221,232,226
1611428299.115409,320,336,338,434,219,227,219,229,226
1611428299.125164,315,333,336,429,214,226,218,228,223
1611428299.135106,310,331,330,422,210,222,218,227,221
1611428299.145115,301,329,319,416,205,218,215,226,216
1611428299.155256,298,325,320,410,200,213,213,223,212
1611428299.164975,290,320,310,397,195,211,211,221,208
1611428299.175069,267,317,306,347,187,205,208,218,205
1611428299.185027,219,313,298,277,177,202,206,215,202
1611428299.195175,171,309,290,236,163,198,202,213,198
1611428299.204658,125,304,272,235,132,194,200,211,192
1611428299.215262,101,301,234,250,108,188,198,208,183
1611428299.22497,96,298,192,264,93,186,196,205,165
1611428299.235156,89,293,152,277,82,182,194,204,152
1611428299.245056,88,293,125,288,75,178,192,202,141
1611428299.255075,86,290,109,298,69,174,190,202,130
1611428299.265011,86,288,102,306,64,170,189,201,121
1611428299.27542,84,285,98,312,59,168,189,200,110
1611428299.285061,85,283,97,320,55,164,187,197,103
1611428299.29509,85,279,94,330,54,161,186,198,97
1611428299.304882,86,279,95,333,52,158,184,197,92
1611428299.314983,85,279,96,336,51,157,185,195,87
1611428299.32489,83,277,94,342,50,157,184,195,84
1611428299.335369,82,278,96,346,50,157,184,197,80
1611428299.344866,83,282,114,357,50,157,183,197,74
1611428299.354921,81,292,179,373,48,158,186,197,64
1611428299.364962,78,302,269,384,46,157,186,198,50
1611428299.374899,85,317,301,400,45,147,184,198,37
1611428299.385132,116,319,315,405,42,130,183,200,39
1611428299.395121,171,320,320,410,42,72,182,208,115
1611428299.405013,213,320,315,416,41,47,182,208,175
1611428299.415019,257,318,318,408,42,42,182,212,191
1611428299.425381,274,319,322,416,46,101,183,212,200
1611428299.435396,282,322,322,416,55,162,186,213,203
1611428299.445212,282,320,323,418,71,171,187,212,202
1611428299.455362,288,322,323,416,89,176,189,213,203
1611428299.465397,288,321,324,416,105,180,189,213,205
1611428299.474855,288,321,322,418,118,181,191,214,205
1611428299.484945,288,321,322,418,131,182,191,215,206
1611428299.495162,291,321,321,418,145,186,192,215,205
1611428299.505309,293,321,322,418,155,187,193,213,206
1611428299.515151,290,321,326,421,159,189,195,213,206
1611428299.525096,293,321,323,421,166,188,196,215,204
1611428299.535083,292,322,322,418,171,191,197,215,206
1611428299.544951,294,320,324,424,175,193,197,217,208
1611428299.55486,294,322,322,421,178,195,200,215,208
1611428299.565112,296,321,325,423,180,197,201,218,209
1611428299.575209,298,321,323,424,182,201,202,218,209
1611428299.585328,298,323,326,427,186,205,204,218,211
1611428299.594921,298,326,328,426,193,208,205,221,214
1611428299.604649,304,325,330,430,198,211,206,221,214
1611428299.614987,306,326,329,430,204,213,210,223,216
1611428299.624881,315,333,333,437,206,213,213,226,219
1611428299.6354,320,336,336,440,210,219,218,230,221
1611428299.645053,322,340,343,443,213,225,221,233,225
1611428299.654881,326,342,346,445,221,229,222,234,230
1611428299.664939,336,342,352,448,226,231,223,237,232
1611428299.675501,341,346,352,456,230,234,226,237,234
1611428299.685408,346,346,353,464,231,235,227,237,234
1611428299.695381,344,347,357,464,234,237,230,238,237
1611428299.70481,349,352,360,459,237,238,230,242,239
1611428299.714967,352,354,362,465,238,240,232,243,241
1611428299.72508,354,353,362,469,241,242,232,241,241
1611428299.734726,353,352,365,474,242,237,232,242,242
1611428299.744745,360,353,365,469,244,239,235,243,238
1611428299.755266,356,349,363,469,244,245,235,242,238
1611428299.765097,360,355,360,468,242,245,236,243,244
1611428299.775119,354,352,362,466,243,244,234,244,244
1611428299.785069,358,352,363,464,243,244,234,244,242
1611428299.794992,357,354,365,469,244,244,235,244,242
1611428299.804948,353,349,360,471,245,244,234,241,242
1611428299.815138,358,352,363,469,240,245,235,244,244
1611428299.82506,360,352,363,466,239,243,234,244,242
1611428299.835256,357,353,363,464,242,244,236,244,242
1611428299.845,349,352,362,469,242,242,234,242,244
1611428299.854829,357,354,365,472,244,245,235,239,244
1611428299.865084,354,352,362,469,244,245,235,243,240
1611428299.874997,357,352,365,472,243,245,235,242,242
1611428299.884778,360,354,366,474,244,245,235,239,242
1611428299.895272,360,354,363,469,245,242,232,242,244
1611428299.905061,356,354,362,469,245,245,229,243,244
1611428299.914925,360,356,365,474,241,242,235,244,244
1611428299.925193,357,357,366,474,239,245,236,243,244
1611428299.935172,354,352,365,472,239,244,236,243,244
1611428299.944992,358,352,363,474,243,239,233,242,242
1611428299.955493,360,353,356,471,245,245,235,241,242
1611428299.965318,360,352,365,472,244,239,232,244,242
1611428299.975086,357,354,365,474,244,241,234,243,244
1611428299.985061,357,352,363,475,245,242,230,242,244
1611428299.994933,360,354,365,469,241,245,235,244,244
1611428300.004875,357,352,365,471,242,245,235,245,244
1611428300.015289,356,354,363,474,245,245,229,244,244
1611428300.025133,358,354,365,474,240,244,235,245,245
1611428300.035046,362,354,363,466,244,245,236,244,241
1611428300.044921,357,354,360,474,244,245,236,244,245
1611428300.054907,360,352,362,474,243,245,237,244,241
1611428300.064992,360,354,366,473,243,244,235,245,244
1611428300.074827,360,355,365,479,245,245,235,245,245
1611428300.084976,363,359,366,480,245,245,235,242,242
1611428300.094779,362,357,369,480,238,244,235,244,245
1611428300.105073,362,357,362,474,245,245,235,244,245
1611428300.114911,360,356,366,480,245,238,233,245,242
1611428300.124919,361,349,368,477,245,245,230,242,244
1611428300.135297,354,354,367,474,245,241,233,244,244
1611428300.144814,360,357,367,477,239,244,236,244,245
1611428300.154857,360,354,362,478,245,245,229,244,244
1611428300.164748,360,354,365,474,244,242,235,240,243
1611428300.174748,362,356,367,465,244,245,236,245,242
1611428300.185028,360,355,362,477,245,245,234,242,242
1611428300.194949,357,354,368,480,238,244,236,245,243
1611428300.204803,358,352,365,477,245,245,235,241,245
1611428300.214922,357,357,368,481,245,245,231,244,242
1611428300.22523,362,355,365,480,246,245,229,244,244
1611428300.234818,360,352,363,480,244,245,237,244,239
1611428300.24516,361,357,370,480,238,244,235,245,243
1611428300.255032,356,357,367,474,242,245,237,244,243
1611428300.264853,360,354,366,474,245,246,234,242,244
1611428300.274933,360,353,366,477,239,243,235,245,244
1611428300.285201,360,354,364,477,245,245,230,242,245
1611428300.295288,352,354,365,477,245,245,234,244,244
1611428300.305166,362,347,363,477,245,244,234,245,239
1611428300.315093,362,357,363,480,245,241,234,245,244
1611428300.324971,361,354,367,482,245,245,235,242,243
1611428300.334792,360,357,366,480,246,241,232,244,245
1611428300.345082,354,352,363,477,245,245,234,245,240
1611428300.35513,352,357,362,478,244,245,237,245,242
1611428300.365318,362,357,366,477,239,244,235,245,245
1611428300.375315,362,352,365,474,245,245,234,245,244
1611428300.38512,362,357,366,480,242,244,235,245,245
1611428300.395156,363,357,367,480,245,242,234,245,245
1611428300.405485,360,349,365,477,245,245,237,244,240
1611428300.415024,362,352,366,471,246,245,234,245,245
1611428300.425271,362,357,368,476,245,246,237,242,243
1611428300.43478,365,357,368,480,244,245,237,241,245
1611428300.444654,362,352,367,471,245,245,235,242,244
1611428300.455424,362,355,365,477,245,242,230,244,244
1611428300.46462,362,354,366,464,244,245,236,244,245
1611428300.474975,357,354,365,477,240,242,235,245,244
1611428300.485284,361,352,363,472,243,244,236,245,245
1611428300.495067,360,355,365,477,245,245,230,245,244
1611428300.505055,362,356,370,474,244,245,234,240,238
1611428300.514899,362,357,367,480,245,245,236,243,239
1611428300.524997,360,355,365,477,242,242,236,244,244
1611428300.535282,356,357,360,480,238,245,237,245,244
1611428300.545056,362,358,366,475,242,244,234,245,245
1611428300.555006,358,354,365,478,245,241,234,245,244
1611428300.564808,362,356,366,469,244,246,237,244,245
1611428300.575188,360,353,365,477,245,245,234,244,243
1611428300.584941,362,347,366,465,245,245,234,245,242
1611428300.595356,362,357,355,474,245,245,235,245,245
1611428300.60492,361,353,362,474,245,245,230,244,242
1611428300.615224,357,355,362,472,243,245,236,245,244
1611428300.625081,357,354,364,464,244,245,235,245,245
1611428300.634966,357,354,365,470,245,246,230,244,245
1611428300.644882,357,349,360,469,245,245,235,246,244
1611428300.654766,354,354,365,472,244,242,235,245,245
1611428300.665084,354,353,365,472,245,245,230,243,244
1611428300.675072,358,353,365,466,245,243,235,245,245
1611428300.686014,357,353,365,474,245,245,229,244,244
1611428300.695272,354,352,362,474,245,246,234,242,245
1611428300.705192,358,353,365,472,245,241,234,244,244
1611428300.715003,357,357,363,477,245,241,234,245,245
1611428300.724864,357,349,362,475,245,246,235,244,245
1611428300.735034,360,353,365,480,245,245,235,242,244
1611428300.745313,362,352,365,473,245,246,237,245,239
1611428300.754749,363,353,365,475,245,245,237,240,242
1611428300.76506,360,354,368,475,245,245,237,241,241
1611428300.77588,362,357,360,472,239,239,234,245,245
1611428300.785268,360,354,360,465,245,245,236,245,244
1611428300.795185,355,354,366,469,245,246,234,246,244
1611428300.804861,360,354,366,469,240,244,234,245,244
1611428300.815334,360,354,360,474,240,245,235,244,244
1611428300.825759,357,352,360,474,245,245,237,242,244
1611428300.835244,353,354,360,471,245,246,237,245,244
1611428300.845239,358,352,360,474,244,245,236,245,245
1611428300.8551,357,354,360,474,244,245,237,245,244
1611428300.865136,356,354,365,472,245,241,234,244,245
1611428300.875045,357,354,365,474,245,245,235,241,244
1611428300.884848,356,353,366,477,245,245,235,242,242
1611428300.894801,365,357,365,469,245,245,235,245,245
1611428300.904989,362,357,365,470,244,245,232,245,244
1611428300.915968,360,357,365,474,245,245,234,242,244
1611428300.925405,360,354,365,474,245,245,230,244,244
1611428300.935197,361,357,369,476,244,245,236,245,244
1611428300.94488,357,359,365,474,239,242,234,245,245
1611428300.955483,364,357,366,480,245,246,236,241,245
1611428300.964961,365,353,365,477,245,245,235,245,240
1611428300.974947,362,358,369,478,245,246,236,245,245
1611428300.98496,357,353,365,474,245,245,235,241,242
1611428300.994893,362,357,363,477,242,244,235,245,245
1611428301.00549,357,350,365,474,245,246,237,245,239
1611428301.015116,362,354,368,477,246,246,230,245,245
1611428301.025348,365,352,372,480,245,246,232,244,245
1611428301.035209,360,354,365,474,246,246,234,244,245
1611428301.045137,360,357,360,472,245,246,235,245,245
1611428301.055073,352,352,362,469,246,246,236,241,244
1611428301.065043,360,352,363,472,246,247,237,240,244
1611428301.075521,358,353,362,472,243,245,235,246,245
1611428301.084943,356,353,357,469,245,245,235,245,245
1611428301.094907,360,353,362,470,246,246,234,244,245
1611428301.105458,358,353,363,474,246,241,233,245,245
1611428301.115275,360,356,365,475,246,245,235,244,245
1611428301.124927,360,353,363,474,246,245,232,245,245
1611428301.134922,360,354,365,470,245,244,232,245,245
1611428301.144865,357,354,365,474,246,246,234,244,245
1611428301.155143,360,354,368,474,245,246,232,245,245
1611428301.164912,360,357,366,465,245,246,238,245,245
1611428301.175538,360,353,363,474,246,246,234,245,245
1611428301.184986,360,354,365,470,246,241,237,246,245
1611428301.195081,360,357,367,475,246,242,235,245,245
1611428301.20483,360,356,368,474,246,247,237,241,245
1611428301.21478,362,357,362,474,246,246,234,245,245
1611428301.224898,357,349,362,472,245,247,238,245,242
1611428301.235338,357,354,362,464,246,245,237,246,246
1611428301.245001,357,354,357,472,243,245,237,247,245
1611428301.255905,352,353,363,464,245,246,237,246,246
1611428301.265394,357,352,365,472,247,246,237,244,244
1611428301.275215,358,355,368,477,245,246,237,244,244
1611428301.285258,362,355,366,476,246,246,237,246,246
1611428301.295109,362,357,362,474,246,246,237,247,246
1611428301.305061,358,354,363,475,247,247,237,247,244
1611428301.315253,362,357,360,470,246,248,239,245,246
1611428301.325546,360,357,370,474,246,245,235,245,245
1611428301.335101,363,357,369,480,245,245,237,247,246
1611428301.344679,360,358,369,473,246,248,238,246,245
1611428301.354993,360,357,365,481,247,247,238,247,247
1611428301.365578,360,360,364,477,246,248,238,246,247
1611428301.374938,362,357,370,474,246,247,238,248,246
1611428301.385279,365,353,369,475,246,248,239,246,244
1611428301.395289,362,355,368,472,247,248,238,247,246
1611428301.405075,363,356,366,474,246,247,238,247,244
1611428301.41525,362,352,366,470,247,250,238,246,242
1611428301.424825,362,355,366,474,247,248,238,246,247
1611428301.434717,352,357,365,474,244,248,238,246,247
1611428301.444959,354,354,366,473,247,244,237,246,245
1611428301.454858,362,355,357,472,249,247,238,249,247
1611428301.464859,361,357,368,475,247,245,234,247,246
1611428301.474983,362,354,359,469,247,250,238,246,247
1611428301.485016,357,354,365,475,247,249,235,245,246
1611428301.495141,363,358,372,469,245,248,239,247,246
1611428301.505293,362,357,368,469,247,248,239,248,246
1611428301.515247,365,357,369,482,247,246,233,246,247
1611428301.525171,362,352,365,474,247,247,238,248,245
1611428301.53535,362,360,362,474,246,248,239,246,247
1611428301.544884,362,357,362,477,247,247,238,249,247
1611428301.554949,367,362,372,474,246,247,238,247,248
1611428301.564879,365,352,367,477,248,247,238,249,242
1611428301.575059,362,360,370,476,247,249,237,246,246
1611428301.585308,360,354,368,473,246,248,239,246,246
1611428301.595141,365,357,371,480,244,246,239,249,246
1611428301.605183,363,358,373,477,245,246,238,247,246
1611428301.61515,363,360,370,470,245,247,239,247,242
1611428301.624994,363,357,368,474,246,245,238,247,247
1611428301.634821,363,357,369,477,248,247,238,244,245
1611428301.645071,363,356,368,469,247,248,239,246,247
1611428301.655194,360,357,368,475,245,245,237,247,247
1611428301.66595,360,360,369,475,247,249,238,246,242
1611428301.675126,362,352,362,475,246,249,240,242,245
1611428301.685035,362,357,361,475,246,247,239,247,246
1611428301.69527,360,353,370,475,246,249,240,246,244
1611428301.705014,362,360,365,482,248,247,233,246,247
1611428301.714869,368,361,370,471,246,246,238,247,246
1611428301.7248,365,358,370,480,245,246,238,247,247
1611428301.734968,362,360,369,475,247,248,239,247,246
1611428301.745118,363,360,373,482,248,244,235,247,247
1611428301.754559,365,363,367,480,248,247,239,248,242
1611428301.765172,365,358,363,475,246,248,239,249,246
1611428301.775194,360,357,370,481,249,249,235,245,246
1611428301.784953,362,360,370,475,248,247,235,245,247
1611428301.79485,363,360,373,480,247,248,238,248,247
1611428301.805063,362,360,368,477,248,249,239,242,245
1611428301.815291,366,358,368,474,246,248,238,248,247
1611428301.82474,367,360,372,480,248,242,237,247,244
1611428301.834819,365,360,372,477,245,248,239,246,247
1611428301.844891,363,360,369,475,245,248,239,245,246
1611428301.855065,360,357,365,479,247,248,237,248,242
1611428301.865138,363,352,369,477,248,250,238,247,245
1611428301.875405,358,352,365,477,247,250,239,247,245
1611428301.885071,353,358,369,477,247,249,239,244,245
1611428301.894865,357,360,370,480,247,248,237,245,246
1611428301.90509,363,360,369,480,247,245,238,246,247
1611428301.915098,362,363,373,488,246,248,239,244,245
1611428301.925344,369,362,384,478,246,248,239,247,246
1611428301.935371,365,363,384,485,246,245,238,247,246
1611428301.94497,370,363,372,488,246,249,240,247,246
1611428301.955033,364,364,374,490,249,244,237,247,247
1611428301.96497,368,357,373,486,246,249,239,247,242
1611428301.975128,370,357,368,482,247,247,239,250,242
1611428301.984933,368,365,373,480,247,248,239,247,248
1611428301.995294,362,362,374,485,247,242,234,246,246
1611428302.005149,368,362,374,480,248,245,236,247,246
1611428302.01527,368,362,370,482,247,249,239,247,246
1611428302.024966,365,360,371,485,249,248,238,247,247
1611428302.034969,369,363,374,488,242,245,238,248,247
1611428302.045274,365,362,384,485,244,247,239,247,246
1611428302.055026,368,363,368,480,248,250,240,247,247
1611428302.064544,365,360,362,480,246,248,239,248,246
1611428302.074979,364,360,365,480,247,249,240,246,247
1611428302.085386,358,352,369,481,247,247,239,249,243
1611428302.095311,357,357,376,485,246,249,240,248,248
1611428302.104923,365,362,373,485,248,249,239,245,245
1611428302.115089,369,362,373,477,246,247,238,249,247
1611428302.125223,369,363,373,485,248,245,234,246,247
1611428302.135273,369,362,373,485,246,245,238,247,246
1611428302.145107,366,360,374,482,249,249,239,244,245
1611428302.15511,370,360,373,485,247,248,238,245,246
1611428302.165259,362,360,372,480,247,250,239,245,245
1611428302.174662,360,360,372,480,243,247,239,246,247
1611428302.185137,365,360,372,475,246,249,238,249,246
1611428302.194969,363,360,370,480,245,247,238,247,248
1611428302.204901,355,357,368,480,249,245,235,246,247
1611428302.215046,363,353,368,477,246,248,238,248,242
1611428302.224795,363,357,370,477,246,249,240,243,245
1611428302.234878,363,352,365,474,247,247,238,247,242
1611428302.244956,362,357,368,477,245,245,237,247,247
1611428302.255071,365,358,366,478,246,248,239,249,241
1611428302.265146,362,350,367,481,247,249,238,244,246
1611428302.275138,365,362,369,480,249,245,237,247,247
1611428302.284735,365,360,370,480,248,242,237,246,246
1611428302.29511,362,360,365,480,246,249,240,247,247
1611428302.305189,365,360,372,477,245,246,238,248,246
1611428302.314895,365,357,370,480,247,246,238,246,247
1611428302.325495,357,355,367,480,248,248,234,246,247
1611428302.334995,362,358,370,480,247,250,240,246,244
1611428302.345109,365,360,370,480,248,249,238,247,247
1611428302.355067,365,362,370,480,247,250,234,245,246
1611428302.365272,362,355,370,477,246,249,234,246,246
1611428302.37541,365,357,367,469,246,247,238,247,246
1611428302.385369,363,358,368,477,247,247,239,247,247
1611428302.395144,360,358,368,477,246,249,239,247,245
1611428302.404823,362,361,372,480,248,249,238,246,247
1611428302.414783,362,360,367,480,248,248,239,248,247
1611428302.425123,365,357,366,475,248,243,235,247,247
1611428302.435207,363,360,368,476,247,249,234,245,246
1611428302.445229,363,354,369,480,247,247,238,245,246
1611428302.455459,363,360,370,472,247,250,238,242,244
1611428302.465224,365,357,365,480,247,246,237,247,247
1611428302.475072,357,360,371,472,247,249,239,246,246
1611428302.485172,362,353,367,474,246,249,235,246,245
1611428302.49477,362,357,369,480,241,246,238,247,246
1611428302.505127,365,357,362,480,246,247,238,248,247
1611428302.514765,362,358,362,477,246,248,239,247,246
1611428302.524786,363,360,368,480,244,246,237,247,247
1611428302.535036,360,360,366,480,247,247,234,247,246
1611428302.545525,365,360,369,474,246,248,238,246,246
1611428302.555088,363,357,369,480,247,248,239,245,245
1611428302.565235,362,360,370,480,242,247,239,246,246
1611428302.574953,363,357,370,481,244,247,240,248,246
1611428302.585094,362,357,368,477,249,249,239,246,243
1611428302.595275,362,357,370,480,248,249,234,245,245
1611428302.605452,363,358,370,477,247,247,237,247,248
1611428302.615189,363,360,369,480,243,248,239,246,246
1611428302.62472,362,357,370,477,246,249,239,244,245
1611428302.634845,365,358,370,480,246,242,236,247,246
1611428302.645189,363,354,365,477,247,249,238,246,242
1611428302.654815,362,360,369,478,245,247,237,247,248
1611428302.665046,365,360,368,478,244,247,239,246,247
1611428302.675245,363,356,368,480,242,246,238,247,241
1611428302.685062,362,353,368,474,247,249,238,246,242
1611428302.694647,362,360,366,475,248,249,234,245,247
1611428302.705081,360,360,368,478,248,249,238,244,245
1611428302.715141,362,360,369,477,247,247,237,245,245
1611428302.725086,365,357,368,480,247,244,233,246,246
1611428302.734767,365,360,368,474,248,249,233,246,246
1611428302.744826,358,358,366,474,243,247,238,246,247
1611428302.755368,362,360,368,481,247,242,235,247,246
1611428302.765167,363,357,369,480,248,242,235,246,247
1611428302.775348,366,360,370,480,244,246,237,247,247
1611428302.785235,365,358,370,477,248,244,237,246,247
1611428302.794994,362,360,369,485,247,249,239,245,245
1611428302.805049,356,361,372,474,245,247,238,248,246
1611428302.814857,363,362,368,477,247,249,239,246,247
1611428302.824956,360,356,369,480,248,249,238,243,246
1611428302.835109,365,360,368,479,247,247,238,247,247
1611428302.845166,365,360,370,480,242,246,237,247,247
1611428302.855081,363,357,365,482,248,248,238,247,246
1611428302.864961,366,361,369,470,246,248,239,246,247
1611428302.87518,363,354,367,480,247,246,238,248,242
1611428302.884928,364,360,370,480,245,247,238,246,246
1611428302.895192,365,360,373,482,247,247,233,247,246
1611428302.905065,366,360,373,480,247,243,234,247,246
1611428302.915361,368,353,367,481,246,246,239,247,246
1611428302.925486,365,361,373,474,245,246,238,247,246
1611428302.934803,365,360,373,483,246,247,234,246,245
1611428302.944926,365,360,370,485,247,244,234,246,246
1611428302.955428,365,362,372,480,242,246,238,246,246
1611428302.965257,365,360,373,480,246,243,232,247,247
1611428302.974863,368,360,372,484,247,247,238,246,246
1611428302.984877,365,360,368,474,246,247,234,245,245
1611428302.994799,362,355,363,474,247,249,238,246,246
1611428303.005065,362,357,369,477,246,248,237,244,245
1611428303.015034,360,360,368,472,244,246,238,246,246
1611428303.024853,361,358,368,475,246,247,233,242,246
1611428303.035191,357,357,368,474,243,248,237,247,247
1611428303.045202,361,356,365,468,246,247,237,245,246
1611428303.055084,360,354,366,472,246,248,238,242,242
1611428303.065114,357,357,365,475,247,246,238,242,245
1611428303.075101,361,357,367,480,245,247,238,245,246
1611428303.085152,362,358,368,479,244,245,237,246,246
1611428303.095135,357,353,366,480,241,245,238,248,246
1611428303.105243,360,355,363,477,247,248,238,246,240
1611428303.114934,358,354,368,480,246,246,233,247,246
1611428303.125109,356,356,368,481,246,247,238,246,243
1611428303.134948,362,354,365,480,242,246,238,246,245
1611428303.145449,361,357,362,480,246,247,237,247,246
1611428303.155233,360,354,365,473,246,246,237,247,246
1611428303.165145,362,352,363,472,247,249,238,246,242
1611428303.175033,360,354,363,474,247,247,237,244,245
1611428303.18553,357,357,365,474,246,247,234,246,245
1611428303.194881,360,354,366,474,246,244,237,247,245
1611428303.205043,357,356,365,475,247,242,235,246,246
1611428303.214844,362,353,368,472,246,246,238,245,245
1611428303.225082,357,349,362,469,246,247,238,247,245
1611428303.234904,362,357,368,480,247,246,232,246,246
1611428303.245084,363,357,365,474,246,247,238,246,245
1611428303.2548,362,357,365,469,247,248,238,246,246
1611428303.26534,354,353,363,474,247,246,236,245,245
1611428303.275091,360,352,362,469,245,248,238,247,241
1611428303.285307,360,352,363,474,246,247,237,245,245
1611428303.295015,356,354,354,469,247,247,238,246,246
1611428303.305376,357,352,363,472,247,246,237,247,245
1611428303.315209,357,346,360,469,246,247,238,245,245
1611428303.32509,357,352,362,469,247,247,237,246,242
1611428303.334913,357,354,363,469,247,247,233,245,246
1611428303.345244,357,346,360,469,246,246,237,246,242
1611428303.355081,354,347,352,461,246,247,237,246,246
1611428303.365011,358,349,363,466,245,246,238,246,246
1611428303.374664,360,353,363,469,242,245,238,246,245
1611428303.384685,357,352,362,464,245,246,237,246,246
1611428303.394898,357,352,362,464,245,242,235,246,245
1611428303.404946,357,352,360,465,247,247,235,245,245
1611428303.415086,354,349,362,466,246,247,234,246,245
1611428303.424932,354,349,360,469,248,248,232,245,246
1611428303.43515,353,349,365,469,247,242,235,246,245
1611428303.444941,354,349,362,469,246,246,237,246,242
1611428303.454779,357,352,365,465,245,246,237,247,246
1611428303.465431,357,352,362,466,245,246,237,246,246
1611428303.475264,357,352,362,465,245,246,237,247,246
1611428303.4851,356,352,362,469,246,246,232,245,246
1611428303.49546,348,346,365,472,246,246,237,246,243
1611428303.505236,360,354,363,475,246,246,237,242,245
1611428303.51504,358,357,365,469,246,246,237,246,243
1611428303.526092,357,352,365,474,245,241,233,245,245
1611428303.534853,357,352,362,470,242,244,235,246,244
1611428303.544656,358,352,362,469,243,241,234,245,242
1611428303.55488,354,352,362,468,241,240,233,245,242
1611428303.565516,354,349,361,468,241,243,233,239,242
1611428303.575123,350,352,358,458,237,240,233,243,240
1611428303.584803,341,345,356,456,234,238,232,242,238
1611428303.594926,341,345,352,453,232,237,226,239,237
1611428303.604921,336,342,349,451,229,234,227,238,232
1611428303.614903,333,341,346,448,228,233,224,235,232
1611428303.62499,326,338,344,442,226,231,222,233,229
1611428303.635105,318,336,340,438,219,229,221,233,228
1611428303.645102,315,336,333,432,212,225,219,232,223
1611428303.655293,310,333,331,429,207,218,218,227,220
1611428303.664932,305,330,325,421,203,214,215,223,217
1611428303.675119,301,326,322,416,197,211,212,221,214
1611428303.68516,292,325,317,408,193,206,206,221,210
1611428303.695096,288,321,309,397,188,204,205,218,206
1611428303.704961,277,317,304,343,184,200,202,216,205
1611428303.714876,245,314,298,256,178,197,199,213,199
1611428303.724847,202,309,288,221,173,192,194,211,196
1611428303.73564,157,299,235,217,165,186,191,207,189
1611428303.744813,120,293,162,222,149,184,189,205,181
1611428303.755241,100,288,102,238,133,180,187,201,160
1611428303.765025,94,280,89,256,120,176,184,200,144
1611428303.774759,92,273,84,273,108,173,181,197,129
1611428303.784721,91,247,80,284,97,169,180,194,114
1611428303.795088,91,212,78,301,85,167,178,193,102
1611428303.805183,89,172,80,314,74,163,176,190,90
1611428303.814897,87,134,81,326,66,158,176,188,78
1611428303.825174,88,105,83,346,60,153,174,186,69
1611428303.834851,89,92,88,357,58,149,173,182,64
1611428303.845002,91,85,94,368,55,146,174,177,59
1611428303.854944,89,99,123,373,56,142,174,168,56
1611428303.865205,95,209,205,384,53,138,174,141,47
1611428303.87496,105,285,274,394,53,130,176,86,38
1611428303.885018,124,308,298,402,50,105,174,73,36
1611428303.894995,164,311,310,408,48,47,164,178,65
1611428303.905639,198,311,314,410,45,35,143,194,124
1611428303.915073,256,314,318,416,43,32,171,204,181
1611428303.925079,275,315,321,418,53,96,178,210,196
1611428303.934985,284,314,322,420,91,160,184,212,201
1611428303.945144,288,315,320,418,129,173,186,213,203
1611428303.954832,288,317,322,417,154,180,189,213,203
1611428303.965226,290,315,320,420,165,183,190,213,205
1611428303.974873,288,318,323,417,171,186,191,214,206
1611428303.984952,292,317,318,421,174,189,191,213,206
1611428303.995172,292,317,322,416,177,191,193,213,205
1611428304.004747,291,317,321,418,178,191,194,214,207
1611428304.015496,294,317,321,416,180,193,194,215,208
1611428304.025842,291,315,321,416,181,194,197,216,208
1611428304.034991,296,318,318,420,182,195,196,215,207
1611428304.045349,293,315,318,417,183,197,197,215,209
1611428304.054743,291,317,320,418,184,197,200,215,208
1611428304.064777,296,317,318,418,185,199,200,215,208
1611428304.074948,294,314,317,421,186,200,200,218,208
1611428304.085019,293,317,320,421,187,202,202,218,209
1611428304.095047,296,317,317,421,191,205,204,218,210
1611428304.10481,297,317,322,420,194,207,205,221,213
1611428304.115052,301,322,325,419,197,211,208,223,215
1611428304.125063,304,324,326,424,205,213,213,224,218
1611428304.135171,310,328,331,430,208,217,216,229,221
1611428304.145274,315,331,336,434,212,222,219,232,225
1611428304.15499,320,336,338,438,218,228,222,234,227
1611428304.165003,326,338,341,442,225,232,224,235,232
1611428304.174857,336,340,346,446,229,232,225,237,235
1611428304.185162,337,340,352,453,232,234,227,238,234
1611428304.194726,341,342,349,451,234,237,230,241,237
1611428304.204889,344,344,354,450,237,239,231,242,241
1611428304.215194,346,346,357,464,240,244,234,244,242
1611428304.225268,353,347,360,458,240,242,234,239,242
1611428304.23481,354,344,362,466,244,244,234,244,244
1611428304.244939,355,346,360,468,244,245,234,240,242
1611428304.254895,357,349,360,465,245,244,230,243,243
1611428304.265028,349,347,352,464,245,245,236,244,244
1611428304.27491,354,349,360,464,244,245,236,243,244
1611428304.28523,353,346,357,464,244,245,234,241,241
1611428304.294862,350,346,360,464,245,244,235,243,242
1611428304.3051,349,344,357,466,245,245,235,245,242
1611428304.31483,352,347,361,466,244,245,235,242,244
1611428304.324693,349,346,357,464,245,245,235,245,238
1611428304.335057,346,346,357,464,242,243,235,245,244
1611428304.344797,352,347,352,458,242,245,236,244,244
1611428304.355228,352,346,360,458,244,245,235,244,242
1611428304.365839,343,349,351,458,244,244,234,245,244
1611428304.375201,349,344,357,464,240,245,236,244,244
1611428304.38543,352,346,356,464,244,244,236,245,244
1611428304.39503,352,346,360,464,244,242,232,245,243
1611428304.405207,352,347,358,464,245,245,237,244,244
1611428304.415145,352,346,357,458,243,245,235,245,245
1611428304.425341,353,341,361,458,245,245,235,243,242
1611428304.435086,346,349,360,464,245,245,234,245,245
1611428304.445288,350,349,360,461,244,245,235,240,242
1611428304.455331,353,346,352,464,245,245,235,245,245
1611428304.465222,352,346,352,461,245,245,235,244,244
1611428304.474927,354,347,360,469,245,245,235,244,245
1611428304.485074,352,347,357,465,246,245,234,242,244
1611428304.494773,352,347,354,464,245,245,235,245,245
1611428304.504923,352,346,357,464,240,245,235,245,245
1611428304.514744,352,349,356,464,245,245,235,245,245
1611428304.525458,349,346,355,461,242,245,237,245,244
1611428304.535175,352,346,357,464,244,245,236,246,238
1611428304.54505,350,346,357,464,240,244,236,245,245
1611428304.5547,344,344,353,461,245,246,236,245,245
1611428304.56492,352,340,354,464,245,245,235,245,244
1611428304.575387,352,350,360,464,245,239,233,245,245
1611428304.585106,351,349,357,462,243,245,235,245,245
1611428304.595436,354,349,362,464,244,245,236,245,239
1611428304.604782,354,349,360,464,239,244,235,245,245
1611428304.614709,354,349,354,464,244,246,236,245,239
1611428304.625353,346,347,352,459,244,245,236,245,239
1611428304.635272,346,349,356,459,244,245,235,245,244
1611428304.645079,353,347,360,465,245,240,233,244,245
1611428304.654909,347,347,352,464,245,245,235,245,245
1611428304.664892,354,344,360,456,242,245,237,245,243
1611428304.675086,349,342,357,464,244,245,237,245,239
1611428304.685373,354,347,352,458,244,244,234,245,245
1611428304.695017,352,346,354,461,245,245,235,239,242
1611428304.705368,349,346,352,458,245,245,237,245,242
1611428304.715002,353,341,353,459,244,244,235,246,240
1611428304.72498,352,345,355,461,242,244,236,245,242
1611428304.735111,344,341,353,464,245,245,230,245,245
1611428304.744864,349,340,354,458,245,245,235,245,239
1611428304.75515,346,340,354,461,244,245,235,246,241
1611428304.765209,350,344,354,458,245,246,236,240,242
1611428304.775141,349,346,353,453,244,245,237,244,244
1611428304.784921,350,346,357,464,245,246,237,239,245
1611428304.794817,352,347,357,458,245,246,235,242,244
1611428304.804873,346,346,354,461,245,246,235,241,244
1611428304.81498,342,340,357,464,245,246,237,244,239
1611428304.824826,352,340,354,464,245,245,235,244,241
1611428304.834947,345,346,356,464,245,246,236,242,244
1611428304.845232,349,346,354,464,243,244,236,244,244
1611428304.854873,352,344,357,464,245,245,234,245,244
1611428304.865125,354,342,360,464,239,243,235,245,245
1611428304.875568,354,350,358,454,243,245,236,245,244
1611428304.88536,346,347,349,461,245,245,236,244,244
1611428304.895412,353,341,357,464,245,244,235,245,244
1611428304.904955,354,347,358,464,245,245,235,245,240
1611428304.914947,347,346,352,464,244,246,237,244,238
1611428304.925024,352,346,357,464,245,245,236,242,241
1611428304.935002,354,347,357,465,245,244,232,244,244
1611428304.944763,352,352,360,456,245,245,236,245,244
1611428304.955012,349,346,360,464,240,244,236,245,243
1611428304.964746,352,340,356,464,245,246,235,244,242
1611428304.974934,353,347,357,465,245,246,235,240,244
1611428304.985126,353,347,357,461,245,245,237,245,238
1611428304.995474,353,347,360,459,245,245,235,245,241
1611428305.005667,352,344,360,465,238,242,235,245,245
1611428305.015506,352,348,357,464,245,245,235,244,245
1611428305.025473,352,346,352,464,245,244,235,245,245
1611428305.034883,352,346,354,464,245,246,236,244,243
1611428305.045101,353,346,357,458,245,245,234,244,245
1611428305.055221,353,347,352,464,245,245,236,245,245
1611428305.065118,353,344,357,468,244,245,235,246,241
1611428305.074961,352,347,358,468,245,245,233,243,245
1611428305.085089,353,346,360,465,245,243,234,240,243
1611428305.094842,346,347,360,465,245,245,235,242,244
1611428305.104945,353,346,356,465,245,246,236,244,245
1611428305.114878,346,350,360,468,242,244,235,244,244
1611428305.125026,352,344,350,464,245,245,235,241,244
1611428305.135096,350,352,360,458,243,245,237,245,245
1611428305.144852,348,349,358,466,246,242,234,244,245
1611428305.154736,357,347,362,468,245,245,237,243,243
1611428305.164866,352,349,362,461,244,245,237,245,244
1611428305.174989,347,348,360,469,245,245,235,242,244
1611428305.185079,349,352,360,466,244,241,234,245,245
1611428305.195087,354,347,352,464,245,246,236,245,244
1611428305.204831,353,347,358,464,245,246,237,241,242
1611428305.215186,354,349,361,469,245,239,232,243,244
1611428305.225043,354,349,360,464,245,246,236,244,245
1611428305.235293,355,349,360,464,245,241,234,244,243
1611428305.24497,352,347,360,468,245,246,232,246,243
1611428305.25497,349,349,352,464,245,246,237,245,245
1611428305.265032,353,349,358,464,244,243,235,245,245
1611428305.274874,347,346,360,466,245,245,231,245,244
1611428305.285393,353,346,360,466,245,245,234,241,245
1611428305.295391,353,349,362,461,243,244,235,245,245
1611428305.305211,352,352,362,469,244,246,237,244,244
1611428305.314983,355,349,362,468,245,246,237,241,245
1611428305.325507,353,348,357,466,242,244,235,245,245
1611428305.335314,354,349,357,464,245,245,235,245,245
1611428305.344831,352,344,354,466,245,246,237,245,245
1611428305.355019,354,349,358,469,245,244,231,244,245
1611428305.365241,352,346,360,469,245,245,235,245,241
1611428305.375325,354,346,360,469,245,245,235,242,244
1611428305.385428,353,352,360,470,244,241,234,245,245
1611428305.395463,355,349,362,469,244,245,232,243,245
1611428305.40492,353,352,360,469,241,245,237,245,244
1611428305.415142,354,347,357,469,245,246,235,242,244
1611428305.425278,354,346,360,470,244,245,233,245,244
1611428305.43494,352,344,358,470,244,246,237,246,239
1611428305.445092,352,346,357,466,240,245,237,245,244
1611428305.455558,353,347,358,465,245,245,231,243,245
1611428305.464931,355,349,360,470,239,244,235,244,245
1611428305.474674,346,349,357,468,245,245,236,241,244
1611428305.485087,349,349,360,469,244,246,237,245,239
1611428305.495256,354,347,360,465,245,246,237,244,244
1611428305.504915,354,347,360,469,242,245,236,245,245
1611428305.514996,346,346,354,468,245,245,235,245,245
1611428305.525815,349,349,354,464,245,246,237,244,244
1611428305.535111,352,348,357,468,245,246,237,245,244
1611428305.545237,352,349,360,469,246,241,233,244,243
1611428305.554977,356,349,352,465,245,245,235,245,245
1611428305.564908,354,347,360,464,241,245,236,245,245
1611428305.574994,354,349,354,468,245,246,237,245,244
1611428305.585244,346,349,360,468,245,246,235,243,243
1611428305.594916,352,347,354,464,244,246,237,245,239
1611428305.605119,352,347,361,468,245,240,233,245,245
1611428305.614791,354,349,357,470,245,245,235,245,245
1611428305.624808,353,349,360,469,245,246,232,244,244
1611428305.635017,353,352,362,469,245,240,234,245,245
1611428305.645262,354,342,357,469,242,245,237,245,244
1611428305.654861,354,347,360,464,244,245,236,246,241
1611428305.664819,352,348,358,464,245,246,235,242,242
1611428305.675014,354,349,360,466,242,245,236,245,245
1611428305.684946,353,347,360,466,245,241,232,244,245
1611428305.695209,352,347,360,464,239,245,237,244,243
1611428305.705007,347,347,354,466,244,245,235,245,245
1611428305.715031,354,346,360,466,245,246,236,246,240
1611428305.725133,354,349,360,464,244,245,235,246,241
1611428305.735102,354,352,362,469,245,244,230,245,244
1611428305.745022,357,345,360,472,245,245,235,245,240
1611428305.755424,352,349,360,468,245,240,234,245,245
1611428305.765418,344,342,357,468,246,246,234,242,244
1611428305.774775,352,344,360,464,245,245,237,245,240
1611428305.784764,352,346,360,465,244,245,235,243,245
1611428305.794888,353,346,357,469,245,241,235,245,245
1611428305.804687,352,347,360,469,245,240,233,245,245
1611428305.815044,352,348,357,466,241,245,237,245,245
1611428305.825015,355,347,360,468,243,245,237,246,245
1611428305.835186,352,346,354,461,245,246,236,244,242
1611428305.845072,353,347,354,465,245,245,235,245,245
1611428305.855012,352,349,360,467,244,244,235,245,245
1611428305.864805,349,349,358,465,245,246,237,245,245
1611428305.874777,357,349,362,469,244,242,235,245,244
1611428305.884924,357,352,357,466,245,245,237,242,242
1611428305.894832,354,349,360,466,246,246,237,239,245
1611428305.90498,355,349,362,468,244,245,236,246,245
1611428305.914967,355,342,360,468,245,245,237,245,244
1611428305.925004,354,346,357,466,245,246,237,244,243
1611428305.93488,354,346,354,464,244,246,237,246,244
1611428305.94513,354,347,360,469,246,246,237,240,242
1611428305.955054,352,349,358,458,244,245,235,245,245
1611428305.965047,354,349,360,468,245,245,230,244,243
1611428305.974888,349,347,360,466,245,245,234,242,245
1611428305.985013,354,349,360,464,245,245,232,244,244
1611428305.994893,354,349,360,461,245,245,235,245,244
1611428306.005022,354,349,358,464,245,246,237,241,242
1611428306.014939,352,349,360,466,245,241,232,245,245
1611428306.024854,354,346,360,464,245,245,235,239,244
1611428306.035267,355,350,363,459,241,245,235,245,245
1611428306.045119,354,352,362,464,244,245,237,245,239
1611428306.05501,349,349,360,466,244,245,235,245,245
1611428306.065166,354,349,360,465,245,245,234,241,244
1611428306.075095,354,347,360,464,244,242,235,245,245
1611428306.084848,354,350,362,464,245,242,230,245,245
1611428306.094937,357,346,360,464,245,246,235,243,242
1611428306.104911,354,350,360,464,241,244,235,245,244
1611428306.11495,353,349,360,464,245,247,232,244,244
1611428306.125019,357,352,358,464,245,245,236,245,241
1611428306.135064,357,350,360,464,245,246,237,245,239
1611428306.145138,352,346,358,468,245,245,235,241,241
1611428306.155574,352,346,358,464,244,245,235,244,244
1611428306.164952,353,341,360,464,244,241,230,244,243
1611428306.174924,354,349,360,468,241,242,235,242,243
1611428306.184676,349,350,357,460,244,245,234,241,242
1611428306.194985,352,349,360,461,244,245,235,242,241
1611428306.205152,347,346,357,456,243,244,234,244,238
1611428306.215006,346,346,357,464,245,245,236,239,242
1611428306.225225,353,347,360,459,244,245,234,241,242
1611428306.235112,352,349,360,458,239,242,235,244,242
1611428306.244981,352,341,357,464,244,245,234,243,240
1611428306.254784,352,344,357,459,244,244,234,240,242
1611428306.265048,352,344,354,458,244,245,235,243,243
1611428306.274934,352,347,360,459,244,240,232,243,242
1611428306.28493,352,348,357,458,244,245,234,239,239
1611428306.295312,353,346,357,459,244,245,235,243,240
1611428306.30489,352,346,360,461,244,245,229,240,238
1611428306.315021,353,341,357,459,244,245,235,243,239
1611428306.324841,352,346,360,458,242,244,234,245,244
1611428306.335133,346,345,356,464,244,244,230,242,243
1611428306.345216,352,347,360,464,243,244,234,241,242
1611428306.355028,352,349,361,456,239,242,234,244,242
1611428306.365208,347,349,352,458,244,245,234,242,242
1611428306.375112,355,352,362,466,244,239,230,244,244
1611428306.384774,354,349,360,465,244,238,230,244,244
1611428306.39507,355,346,357,465,239,242,234,242,244
1611428306.405107,349,349,360,464,244,245,234,241,242
1611428306.41484,352,352,360,464,245,245,230,242,242
1611428306.424901,354,349,357,461,242,242,234,244,242
1611428306.435135,357,352,360,464,238,242,234,245,244
1611428306.44503,354,341,354,458,245,245,236,243,237
1611428306.454848,352,349,360,458,242,244,234,245,245
1611428306.464947,354,349,360,464,243,243,234,239,245
1611428306.475301,353,349,360,464,245,241,234,244,245
1611428306.485042,353,347,358,459,245,245,230,242,242
1611428306.495356,352,349,360,464,237,243,235,245,242
1611428306.505214,352,347,357,464,245,240,234,242,242
1611428306.51555,352,341,357,464,245,245,235,245,245
1611428306.525146,349,348,361,466,244,244,234,244,244
1611428306.535144,352,349,360,464,242,244,235,243,244
1611428306.545033,354,344,357,456,244,245,235,243,242
1611428306.55532,356,349,360,466,245,238,233,242,244
1611428306.565158,352,347,352,456,243,245,235,244,242
1611428306.574956,352,347,358,464,242,243,234,242,244
1611428306.585082,353,344,357,461,244,245,235,244,238
1611428306.59487,354,348,360,456,242,244,234,245,245
1611428306.604881,352,346,354,461,245,245,237,244,242
1611428306.614908,352,346,357,461,245,245,235,238,241
1611428306.624766,354,346,352,464,243,244,234,244,244
1611428306.634859,356,347,358,464,239,243,234,244,242
1611428306.644714,354,349,352,459,243,244,234,245,244
1611428306.654768,355,348,357,459,243,239,232,244,244
1611428306.664918,349,346,358,464,243,244,234,244,239
1611428306.674984,352,349,352,458,242,244,234,245,244
1611428306.685035,353,341,354,461,244,245,230,242,242
1611428306.695091,352,348,357,458,244,238,232,245,243
1611428306.705275,354,347,358,464,244,239,230,242,244
1611428306.715178,353,344,354,464,245,245,235,245,242
1611428306.725172,352,346,357,464,245,245,230,242,242
1611428306.734905,352,349,352,458,242,245,236,245,242
1611428306.745209,354,349,353,458,242,245,235,245,243
1611428306.754889,352,344,354,459,245,245,235,240,241
1611428306.764686,344,346,357,453,242,242,234,244,244
1611428306.774718,353,347,357,464,239,242,234,244,244
1611428306.785199,354,346,354,453,243,245,235,242,242
1611428306.794942,353,349,360,461,237,244,234,245,242
1611428306.804859,352,341,354,459,244,242,234,244,239
1611428306.815266,352,347,357,459,242,244,235,244,242
1611428306.825305,347,344,354,459,244,244,234,242,238
1611428306.835268,352,346,352,458,243,244,234,242,244
1611428306.844958,349,344,357,461,243,243,234,238,241
1611428306.855102,349,346,357,453,243,242,234,242,243
1611428306.865313,352,340,354,458,242,242,233,242,239
1611428306.875284,346,346,354,453,242,244,234,240,241
1611428306.885074,346,342,355,458,242,244,234,242,237
1611428306.894702,352,346,352,458,241,245,234,242,238
1611428306.905214,349,342,354,458,242,242,230,242,242
1611428306.914821,352,346,355,458,242,244,233,241,242
1611428306.924906,348,342,352,458,242,244,229,243,244
1611428306.93489,349,346,356,458,244,244,234,242,242
1611428306.944908,352,346,350,453,241,244,233,240,242
1611428306.954884,350,344,354,457,242,243,234,244,237
1611428306.965152,352,343,354,454,243,239,231,242,242
1611428306.97518,342,338,352,458,242,244,234,242,242
1611428306.984873,352,346,352,453,244,243,233,242,239
1611428306.994731,349,345,353,448,242,243,234,244,243
1611428307.005386,352,344,352,459,242,244,230,243,242
1611428307.014981,352,346,352,458,241,243,234,244,242
1611428307.024945,349,347,357,458,239,242,233,242,242
1611428307.034959,349,342,355,458,244,244,228,242,242
1611428307.045052,352,346,357,458,241,242,234,242,242
1611428307.055439,349,344,352,456,244,245,231,241,242
1611428307.065341,352,341,354,458,242,242,234,244,240
1611428307.074947,352,340,354,458,242,243,234,244,242
1611428307.085067,346,344,355,459,239,242,234,242,242
1611428307.095157,350,346,354,461,244,243,234,242,237
1611428307.105395,352,346,356,461,242,238,231,242,241
1611428307.115061,352,344,356,459,242,239,233,242,241
1611428307.124879,352,346,356,464,243,244,232,239,241
1611428307.135259,352,344,357,464,244,244,228,241,242
1611428307.145406,352,347,357,458,239,242,233,244,242
1611428307.155328,352,346,355,456,242,242,234,242,239
1611428307.165222,352,346,355,458,242,243,229,242,242
1611428307.175004,349,342,355,459,242,244,234,240,241
1611428307.185056,346,346,357,458,242,243,231,241,243
1611428307.194773,349,344,354,458,241,242,233,242,242
1611428307.20542,349,346,353,456,240,242,234,243,241
1611428307.214898,350,345,354,461,238,242,233,242,243
1611428307.225422,349,346,357,458,243,242,234,244,242
1611428307.234976,349,341,354,458,242,242,233,242,239
1611428307.24519,344,338,356,458,239,242,234,244,243
1611428307.25535,349,344,354,460,238,242,233,244,242
1611428307.265084,350,344,356,456,243,238,230,241,242
1611428307.275124,344,341,353,459,244,244,234,238,244
1611428307.285334,348,346,357,458,242,243,234,243,239
1611428307.29532,350,346,357,453,241,242,234,244,244
1611428307.305225,349,344,354,456,242,244,234,238,240
1611428307.314902,346,344,354,458,244,244,234,238,240
1611428307.32505,346,343,357,458,238,241,234,243,243
1611428307.334875,349,346,355,458,239,243,235,242,241
1611428307.344768,346,345,349,450,243,245,234,242,236
1611428307.355219,349,340,354,458,242,243,234,244,237
1611428307.365094,346,342,356,458,242,244,234,242,237
1611428307.375516,350,347,353,458,242,242,235,242,242
1611428307.385936,349,346,357,453,244,245,234,242,241
1611428307.395261,346,341,349,461,242,242,232,238,240
1611428307.405388,349,346,357,459,240,238,232,242,242
1611428307.415156,352,346,355,458,237,242,234,242,241
1611428307.424982,349,345,355,458,238,242,234,242,241
1611428307.434978,349,346,356,461,236,239,233,242,242
1611428307.44479,352,344,357,458,242,237,228,241,242
1611428307.455125,350,346,355,458,239,239,232,242,240
1611428307.464982,352,344,356,456,242,237,229,240,242
1611428307.474808,347,341,354,458,242,240,228,241,241
1611428307.484872,349,336,352,456,242,242,234,242,242
1611428307.49482,350,346,353,458,236,241,230,241,238
1611428307.504719,352,344,353,456,242,242,230,240,240
1611428307.515182,340,338,352,454,242,243,234,243,241
1611428307.524948,349,344,357,464,242,238,231,241,242
1611428307.535079,356,349,360,464,239,242,234,242,242
1611428307.544872,352,346,347,458,241,242,234,242,240
1611428307.554973,346,344,352,461,242,239,232,241,242
1611428307.564993,346,344,354,453,242,243,234,241,242
1611428307.574969,349,341,357,456,242,242,233,241,238
1611428307.584932,347,342,353,458,242,243,233,242,242
1611428307.594934,350,341,354,464,243,244,234,237,239
1611428307.604972,352,349,354,456,241,242,233,242,242
1611428307.614844,348,346,355,453,241,242,233,241,242
1611428307.625243,352,347,356,461,242,242,229,237,242
1611428307.634781,351,344,355,458,242,243,233,242,242
1611428307.645182,346,346,354,459,237,240,232,242,242
1611428307.655059,350,340,350,454,241,242,234,241,237
1611428307.665092,346,338,352,453,241,241,233,242,240
1611428307.6749,350,339,354,458,241,242,233,241,242
1611428307.684632,347,345,352,458,240,242,233,242,241
1611428307.694979,349,344,357,456,237,240,234,242,240
1611428307.70492,352,341,352,464,242,242,232,242,242
1611428307.715309,352,350,354,464,241,238,233,243,242
1611428307.725602,352,352,362,464,237,241,234,242,240
1611428307.73491,352,346,349,464,242,244,234,241,237
1611428307.745256,352,347,360,464,242,238,234,242,241
1611428307.754787,352,347,357,464,242,242,233,241,242
1611428307.765419,352,349,361,458,239,242,233,237,242
1611428307.774852,352,346,360,459,242,243,234,237,239
1611428307.784979,352,341,357,458,242,244,230,238,242
1611428307.795007,349,341,357,459,241,242,232,242,237
1611428307.805215,352,346,357,464,241,242,234,243,236
1611428307.815164,346,346,357,459,241,242,232,241,242
1611428307.825118,352,346,357,453,242,242,234,242,242
1611428307.834802,345,344,355,458,242,243,234,242,241
1611428307.844946,349,340,356,453,241,241,233,242,242
1611428307.85524,352,346,357,464,242,244,228,241,242
1611428307.865197,352,346,357,461,242,243,228,239,242
1611428307.874944,352,346,352,461,242,243,233,243,242
1611428307.885575,353,346,357,464,243,243,234,241,242
1611428307.895151,346,344,355,458,241,242,233,240,239
1611428307.904964,355,347,360,464,242,242,234,241,237
1611428307.915056,346,347,360,456,238,241,234,242,237
1611428307.925154,352,346,360,464,241,242,234,243,242
1611428307.93507,352,347,360,464,242,241,227,241,241
1611428307.944957,349,344,357,464,238,241,232,243,242
1611428307.955088,349,349,361,464,241,242,233,242,240
1611428307.965154,352,346,358,451,241,242,229,244,237
1611428307.975215,350,349,357,465,242,242,232,242,239
1611428307.984975,353,349,358,459,241,242,228,241,240
1611428307.995042,354,346,357,464,242,238,233,242,242
1611428308.004947,352,346,357,457,239,241,233,242,242
1611428308.014913,352,346,357,459,241,242,233,243,242
1611428308.025043,349,346,357,464,242,242,227,241,241
1611428308.034821,352,347,356,464,237,242,233,241,242
1611428308.044773,352,342,357,453,242,243,234,241,237
1611428308.055367,352,349,357,464,243,244,229,238,237
1611428308.065412,354,347,360,464,243,239,230,241,242
1611428308.074938,349,338,356,459,242,242,233,242,237
1611428308.08476,352,346,357,458,240,242,228,242,242
1611428308.094593,346,342,355,464,242,241,232,241,241
1611428308.105013,347,342,357,453,241,241,232,242,241
1611428308.11491,352,347,358,458,238,241,234,242,241
1611428308.124853,352,347,357,458,240,242,234,242,241
1611428308.134843,352,342,357,461,241,238,229,241,241
1611428308.145362,352,346,357,458,242,244,234,237,241
1611428308.155062,347,346,354,464,242,242,234,237,241
1611428308.164905,346,346,352,458,241,241,233,242,242
1611428308.174899,349,346,357,461,241,242,229,241,241
1611428308.185077,350,346,357,464,241,242,230,239,240
1611428308.195079,354,346,360,454,242,243,232,242,242
1611428308.20491,345,347,356,464,241,243,233,237,241
1611428308.215278,347,344,360,454,239,242,234,241,242
1611428308.225307,351,347,360,458,241,242,232,242,242
1611428308.23503,353,349,357,459,240,242,234,242,242
1611428308.245377,346,347,360,464,241,243,234,238,241
1611428308.255116,353,347,357,458,242,242,230,239,241
1611428308.265064,349,346,354,457,242,242,233,240,238
1611428308.275186,349,349,358,464,242,241,232,242,240
1611428308.285215,352,346,352,464,242,242,232,243,242
1611428308.295224,352,346,352,458,241,242,234,242,241
1611428308.304993,352,346,352,464,237,242,230,242,242
1611428308.316189,354,347,358,464,243,241,229,241,242
1611428308.324995,354,346,355,464,242,242,228,241,241
1611428308.334719,352,344,357,459,241,241,233,243,242
1611428308.344809,346,347,362,464,240,242,233,242,241
1611428308.354945,352,349,354,464,237,241,233,242,242
1611428308.365559,354,348,357,461,242,237,229,242,241
1611428308.375102,349,346,358,461,241,242,232,242,242
1611428308.384874,349,343,357,456,240,242,233,242,242
1611428308.395143,353,344,357,464,242,242,232,243,237
1611428308.405021,349,347,358,464,237,240,232,244,241
1611428308.415116,353,347,358,464,242,238,230,241,242
1611428308.424823,352,346,358,464,241,241,233,243,242
1611428308.435123,352,346,362,461,242,239,233,243,241
1611428308.445972,356,349,357,466,242,244,233,238,242
1611428308.45529,354,349,360,464,241,240,230,241,242
1611428308.465223,353,346,360,461,242,244,234,237,239
1611428308.47467,346,349,357,464,241,237,227,241,242
1611428308.484758,352,347,354,456,241,239,233,241,242
1611428308.494955,350,346,357,458,242,243,232,239,242
1611428308.504908,352,347,357,456,237,241,233,241,240
1611428308.514708,349,346,356,461,238,238,232,242,241
1611428308.525006,353,344,355,461,243,242,234,241,242
1611428308.535494,346,346,358,458,237,242,233,244,242
1611428308.545129,354,338,353,458,242,242,233,242,238
1611428308.555182,349,347,357,458,240,242,234,242,242
1611428308.565318,352,346,357,458,243,242,233,239,242
1611428308.575141,346,344,357,457,241,241,234,242,241
1611428308.585357,352,346,357,458,241,243,234,242,238
1611428308.594931,352,346,357,458,241,242,234,242,242
1611428308.605103,349,345,357,456,242,242,229,239,241
1611428308.614865,352,340,354,458,242,242,232,242,237
1611428308.624673,349,344,357,455,242,236,227,237,241
1611428308.634651,344,341,354,458,242,242,232,241,238
1611428308.644652,349,344,358,461,241,239,229,241,240
1611428308.654829,344,346,356,450,241,243,233,242,236
1611428308.665316,348,346,355,456,242,243,229,240,242
1611428308.674786,346,342,353,456,242,242,233,237,241
1611428308.685004,349,341,355,456,241,242,233,242,237
1611428308.694946,347,341,357,453,239,242,233,242,241
1611428308.705388,349,346,354,454,239,242,232,241,241
1611428308.715062,347,342,350,453,239,242,232,241,241
1611428308.725058,347,344,347,456,237,239,230,242,240
1611428308.735224,347,342,353,456,234,237,229,240,239
1611428308.745017,344,346,347,453,237,239,230,241,238
1611428308.755147,342,341,350,449,234,237,229,239,237
1611428308.764841,338,341,346,449,230,233,228,238,234
1611428308.775407,336,342,349,446,230,234,223,236,234
1611428308.785143,336,336,344,442,227,230,222,234,231
1611428308.79488,328,333,340,442,226,229,221,232,229
1611428308.80525,328,333,338,437,225,229,221,230,228
1611428308.814863,322,336,337,433,221,226,219,230,225
1611428308.825164,314,330,333,426,213,223,218,229,224
1611428308.834997,309,328,328,421,206,221,218,226,221
1611428308.84506,301,325,325,418,200,216,216,225,216
1611428308.855183,298,322,320,409,197,209,212,223,214
1611428308.865403,290,320,317,402,193,206,208,221,210
1611428308.875204,288,320,316,398,186,202,205,219,207
1611428308.884873,280,317,309,392,182,200,203,216,205
1611428308.895291,277,315,302,384,179,197,200,214,202
1611428308.905049,266,312,298,331,175,194,198,212,200
1611428308.915284,237,306,293,270,174,191,196,210,196
1611428308.925107,205,301,288,226,170,187,193,209,194
1611428308.934906,176,299,280,214,165,186,191,207,190
1611428308.945136,138,294,266,208,151,184,189,205,187
1611428308.9552,112,293,237,214,138,182,187,204,183
1611428308.964997,102,290,202,226,129,181,186,202,175
1611428308.974942,98,288,174,241,120,181,185,202,165
1611428308.985262,96,285,149,256,113,177,183,200,154
1611428308.994912,93,285,132,260,106,176,183,199,148
1611428309.004694,90,282,119,267,102,176,183,199,144
1611428309.014969,92,284,111,272,98,177,185,199,141
1611428309.025063,91,285,103,266,97,177,183,198,141
1611428309.035029,89,283,98,269,95,177,184,198,139
1611428309.045234,90,285,93,267,93,175,183,198,138
1611428309.054858,90,283,90,272,89,176,184,199,134
1611428309.065069,86,283,85,288,85,175,183,198,128
1611428309.075068,88,283,84,296,81,174,183,199,122
1611428309.084829,85,279,82,308,76,174,183,198,115
1611428309.094981,86,283,85,325,72,174,184,197,105
1611428309.105063,85,284,96,346,68,174,184,198,93
1611428309.115395,85,291,146,365,64,172,183,199,76
1611428309.125169,82,301,245,384,60,170,184,196,60
1611428309.135169,86,306,291,389,56,161,186,197,47
1611428309.144796,113,309,306,400,53,140,184,198,41
1611428309.155223,186,312,315,404,49,87,185,205,86
1611428309.165121,250,317,320,410,45,45,183,210,184
1611428309.175103,272,314,320,408,47,40,183,213,198
1611428309.184694,280,316,319,405,62,102,188,214,204
1611428309.194708,285,314,318,406,99,169,190,214,206
1611428309.204781,289,314,320,408,135,180,191,216,209
1611428309.215367,288,318,319,407,162,189,195,216,209
1611428309.224941,290,315,319,406,172,191,193,216,210
1611428309.234807,293,317,319,404,175,193,196,217,209
1611428309.244976,290,314,314,401,178,196,195,215,210
1611428309.255804,292,317,317,400,181,197,196,217,211
1611428309.26508,290,314,317,401,182,197,197,217,210
1611428309.27521,290,315,317,404,182,197,197,217,211
1611428309.285713,290,317,318,405,185,198,197,217,211
1611428309.295701,293,317,318,402,185,200,198,216,211
1611428309.3053,293,312,317,405,187,201,199,214,211
1611428309.315145,293,317,318,410,187,201,201,217,212
1611428309.325069,294,315,317,416,189,202,200,218,210
1611428309.335098,298,315,320,416,189,202,201,218,212
1611428309.344877,301,315,321,418,191,204,202,219,211
1611428309.355201,302,321,320,421,194,206,205,221,210
1611428309.36509,299,318,318,424,194,208,205,219,213
1611428309.374799,303,322,324,421,197,210,207,222,214
1611428309.384795,304,322,325,424,201,212,210,222,217
1611428309.394914,308,325,327,424,205,215,213,225,218
1611428309.405063,310,330,333,429,209,219,215,226,221
1611428309.414951,317,330,336,429,212,222,219,231,224
1611428309.425154,321,333,337,434,218,229,222,233,228
1611428309.435192,326,336,342,436,223,230,222,234,232
1611428309.445113,333,336,344,445,228,232,224,237,234
1611428309.455144,336,338,346,442,230,233,226,235,235
1611428309.465206,341,340,349,450,232,236,226,239,237
1611428309.474656,344,342,352,453,234,237,229,242,238
1611428309.484997,346,337,346,456,237,239,232,241,239
1611428309.495376,344,344,352,458,239,241,233,242,237
1611428309.50508,347,345,353,456,241,242,232,238,242
1611428309.514957,344,340,354,459,240,242,234,243,239
1611428309.525121,349,344,352,458,241,244,234,242,242
1611428309.535222,352,346,355,459,238,241,234,242,241
1611428309.545375,352,344,356,458,242,243,233,244,242
1611428309.555131,346,346,353,453,242,243,234,242,242
1611428309.565003,347,346,356,458,241,238,230,241,242
1611428309.575243,349,341,354,459,242,242,234,242,237
1611428309.585012,344,344,357,459,244,242,229,241,240
1611428309.594821,342,344,357,464,241,237,232,242,241
1611428309.604876,346,343,352,458,241,242,234,242,238
1611428309.615474,347,345,347,455,240,240,232,243,241
1611428309.625354,346,345,351,459,242,241,227,241,239
1611428309.635109,352,344,349,458,242,242,232,242,241
1611428309.644996,342,342,357,458,235,241,233,241,242
1611428309.655295,346,342,352,458,242,242,226,241,241
1611428309.665289,344,342,352,457,242,242,232,239,238
1611428309.675274,343,341,354,459,242,241,234,242,239
1611428309.685095,344,344,353,458,240,242,232,242,242
1611428309.695128,348,344,355,456,241,242,234,241,242
1611428309.70548,352,344,354,458,242,243,234,237,241
1611428309.715151,346,344,356,450,239,242,234,241,242
1611428309.724589,347,345,356,448,239,242,234,242,240
1611428309.735002,349,346,356,449,237,242,234,242,240
1611428309.744914,346,344,353,458,242,242,230,239,241
1611428309.754713,349,344,354,456,242,243,232,238,240
1611428309.765127,352,344,354,458,242,241,233,242,239
1611428309.774937,347,344,354,458,242,243,234,241,241
1611428309.785749,346,344,350,450,237,243,233,238,239
1611428309.795184,348,341,349,456,242,242,233,241,241
1611428309.804925,346,341,355,458,240,242,233,240,237
1611428309.814945,350,341,348,458,241,241,234,242,240
1611428309.824985,349,340,354,459,240,241,233,242,241
1611428309.834819,344,344,355,455,242,242,230,240,239
1611428309.845684,347,344,353,461,244,242,229,241,240
1611428309.855503,349,344,354,456,242,237,229,242,241
1611428309.865186,349,338,347,458,241,241,233,241,240
1611428309.87506,349,341,354,456,241,241,232,242,239
1611428309.885062,343,340,353,447,239,242,232,241,241
1611428309.894942,345,341,352,453,240,242,233,241,235
1611428309.904683,343,341,350,456,240,243,234,242,241
1611428309.914852,347,338,352,458,237,242,233,241,242
1611428309.925345,352,344,354,458,242,241,233,242,241
1611428309.9351,348,344,352,448,238,241,232,242,241
1611428309.945167,346,344,352,453,241,242,233,237,240
1611428309.954968,346,341,353,454,240,242,233,240,237
1611428309.965237,346,341,352,453,241,243,232,242,241
1611428309.975071,346,341,354,458,241,242,229,239,242
1611428309.984985,349,337,352,458,241,237,232,241,240
1611428309.995115,349,341,345,453,241,242,232,242,241
1611428310.004847,347,341,349,453,242,242,232,242,237
1611428310.014912,342,341,353,458,242,238,230,240,240
1611428310.024985,346,341,353,456,241,243,233,242,241
1611428310.034806,349,339,352,456,242,242,233,242,237
1611428310.044883,346,342,347,453,241,243,234,242,240
1611428310.055146,346,333,349,453,242,239,229,242,242
1611428310.064807,346,333,349,453,241,242,234,242,239
1611428310.075091,349,342,352,450,242,242,234,241,241
1611428310.085138,347,337,351,450,242,242,233,242,241
1611428310.094966,336,337,352,453,237,241,233,242,240
1611428310.105257,346,341,352,453,241,238,229,237,240
1611428310.115498,346,341,352,450,241,242,227,241,241
1611428310.125186,342,341,350,450,242,240,228,242,240
1611428310.134813,344,341,349,449,240,242,234,241,241
1611428310.145175,346,342,353,449,241,237,232,241,242
1611428310.154912,344,339,346,453,240,242,233,241,241
1611428310.165233,346,346,353,453,242,242,233,242,242
1611428310.175202,352,346,352,458,241,243,234,242,242
1611428310.184894,352,344,352,459,242,243,234,241,241
1611428310.195093,352,346,354,458,242,242,229,241,241
1611428310.204909,348,346,354,459,243,237,229,242,242
1611428310.214856,352,342,355,465,242,240,230,241,242
1611428310.225256,352,344,360,459,241,243,235,241,238
1611428310.235644,349,344,357,461,242,244,231,239,242
1611428310.244963,354,343,352,459,240,244,235,242,237
1611428310.254973,352,348,358,453,240,243,234,241,242
1611428310.265267,349,347,360,464,242,244,234,237,241
1611428310.274891,352,349,361,458,237,241,234,242,241
1611428310.284904,352,344,357,456,241,243,234,242,242
1611428310.295644,354,346,360,464,238,243,235,242,244
1611428310.304729,352,349,357,464,238,242,234,244,242
1611428310.315645,352,346,358,464,238,242,233,244,242
1611428310.324917,346,346,357,460,242,244,235,238,241
1611428310.334708,343,344,357,458,242,244,235,238,241
1611428310.345033,349,342,354,458,242,244,230,242,242
1611428310.355012,352,346,357,458,237,243,234,244,242
1611428310.364873,346,344,357,464,242,244,235,239,241
1611428310.374774,347,346,354,456,239,243,234,244,244
1611428310.384545,347,343,354,458,244,245,232,242,243
1611428310.394737,343,342,356,456,242,244,235,243,242
1611428310.405257,341,344,352,458,244,244,234,239,241
1611428310.414928,349,338,354,458,242,245,235,244,237
1611428310.425008,349,344,352,452,241,245,235,244,238
1611428310.435072,349,344,354,459,239,242,235,245,243
1611428310.445119,346,341,353,458,245,245,236,244,238
1611428310.455167,350,344,354,461,244,245,237,241,242
1611428310.464779,352,348,360,464,241,245,237,244,245
1611428310.475004,352,347,361,451,243,245,237,244,245
1611428310.484938,352,342,354,458,245,245,236,246,245
1611428310.49484,349,344,356,459,245,245,237,245,240
1611428310.504856,354,348,352,464,244,242,236,245,245
1611428310.515494,345,342,356,458,245,246,238,245,240
1611428310.525107,346,346,357,453,246,246,232,245,245
1611428310.534793,352,346,352,456,244,246,237,245,245
1611428310.545172,352,344,357,458,245,246,238,245,246
1611428310.555159,352,345,360,461,246,246,238,242,244
1611428310.56472,349,349,358,459,246,247,237,244,241
1611428310.574867,352,347,357,464,246,246,236,244,244
1611428310.585037,353,349,360,464,246,246,232,245,245
1611428310.595158,357,350,357,461,245,247,238,245,245
1611428310.605403,354,352,357,461,246,246,237,245,245
1611428310.615626,354,349,357,464,246,246,238,246,242
1611428310.625156,354,349,360,464,246,241,236,246,246
1611428310.635167,352,346,358,456,247,246,232,246,245
1611428310.645211,354,346,352,464,245,245,238,244,245
1611428310.65529,352,346,357,459,246,248,239,243,245
1611428310.665626,354,346,362,464,246,247,234,245,245
1611428310.675406,352,342,357,464,246,248,239,247,245
1611428310.684924,353,350,362,456,245,247,239,247,246
1611428310.694956,349,350,353,464,245,247,239,245,246
1611428310.704915,354,350,362,458,246,243,235,246,246
1611428310.714993,352,349,358,459,244,247,238,245,246
1611428310.724956,352,346,358,461,244,245,233,245,244
1611428310.73488,352,349,357,453,242,245,237,245,244
1611428310.744982,349,346,352,458,242,243,235,245,241
1611428310.75499,344,346,353,458,239,242,234,242,240
1611428310.765155,341,346,352,453,235,239,232,242,240
1611428310.774955,341,346,353,456,236,239,229,239,237
1611428310.784998,337,342,352,453,237,237,229,238,237
1611428310.795278,342,342,352,453,237,238,230,239,237
1611428310.805159,340,341,352,453,235,237,230,241,238
1611428310.815147,341,344,352,453,234,238,230,242,239
1611428310.825242,341,342,350,442,236,239,230,240,238
1611428310.835155,341,341,349,450,234,238,232,239,237
1611428310.844793,340,341,346,446,234,235,228,237,237
1611428310.855095,337,338,349,444,234,233,228,239,236
1611428310.865003,331,336,349,445,232,234,229,237,236
1611428310.875168,330,338,344,443,234,236,228,239,235
1611428310.88514,336,336,346,444,233,237,230,235,235
1611428310.894782,336,336,346,445,233,236,229,239,235
1611428310.905236,336,341,346,445,234,236,229,239,235
1611428310.915101,333,337,344,443,232,237,229,238,237
1611428310.924821,336,340,346,438,232,235,229,239,235
1611428310.934767,336,336,347,443,232,233,229,238,236
1611428310.944856,336,340,346,449,234,234,229,240,236
1611428310.954983,336,341,348,445,235,237,230,241,234
1611428310.965052,340,341,347,450,235,239,230,241,239
1611428310.975298,341,338,349,450,236,239,232,241,236
1611428310.98519,341,341,352,453,237,240,232,238,240
1611428310.994907,342,338,352,451,237,237,231,241,238
1611428311.004691,344,342,347,453,235,239,232,241,239
1611428311.014519,344,342,353,456,237,241,232,242,241
1611428311.025298,341,346,353,456,239,240,229,242,239
1611428311.034954,346,346,354,458,237,241,233,244,241
1611428311.045329,349,337,346,445,237,241,233,244,242
1611428311.054976,346,346,346,448,242,242,234,241,239
1611428311.064698,336,336,342,442,237,242,234,245,242
1611428311.0751,331,333,342,440,241,242,235,245,243
1611428311.084915,336,330,341,440,244,245,235,244,242
1611428311.095153,337,330,341,442,242,245,237,244,245
1611428311.105034,336,333,343,434,241,245,237,245,245
1611428311.114894,337,336,341,434,244,245,236,246,245
1611428311.125381,336,333,341,439,242,245,237,246,245
1611428311.135604,337,336,344,442,244,242,232,246,245
1611428311.145006,336,330,342,442,245,245,238,245,241
1611428311.15488,336,333,344,440,245,244,234,244,244
1611428311.164845,336,331,344,440,246,246,235,245,244
1611428311.175575,340,333,344,442,245,243,234,245,246
1611428311.185234,337,329,341,442,241,245,237,246,245
1611428311.195099,331,333,337,442,245,244,237,245,246
1611428311.205023,336,336,342,442,246,246,234,245,246
1611428311.214765,337,331,344,442,245,247,238,245,243
1611428311.224906,338,333,344,443,246,246,237,247,245
1611428311.235672,340,336,344,442,244,246,237,246,245
1611428311.244911,338,328,342,442,247,247,237,243,245
1611428311.254975,338,336,344,443,245,246,238,246,245
1611428311.265043,338,329,341,443,245,246,238,245,246
1611428311.274768,338,333,346,442,246,247,238,245,242
1611428311.285097,338,330,344,440,242,245,237,246,245
1611428311.295365,340,336,344,442,247,245,233,246,245
1611428311.305371,341,331,337,442,245,247,238,245,245
1611428311.314717,336,330,340,438,246,243,233,246,246
1611428311.324996,338,325,342,440,245,247,238,245,244
1611428311.334879,336,333,341,442,247,246,237,242,244
1611428311.345402,337,333,341,438,246,247,237,246,244
1611428311.355086,340,331,339,442,245,246,238,245,245
1611428311.365265,337,331,338,438,245,247,237,245,245
1611428311.375068,336,333,346,442,245,246,237,246,245
1611428311.3849,336,331,341,442,246,246,233,245,243
1611428311.395051,337,333,341,440,246,247,234,246,241
1611428311.404933,338,333,340,438,244,246,238,245,245
1611428311.414866,337,333,342,442,245,242,235,245,244
1611428311.425161,336,336,341,442,245,245,237,242,243
1611428311.435604,330,330,342,440,245,247,237,241,244
1611428311.445229,337,330,341,442,245,245,237,246,245
1611428311.455113,338,326,342,436,245,245,237,246,245
1611428311.465406,338,333,341,436,244,245,237,245,245
1611428311.475422,336,331,344,439,245,247,237,241,245
1611428311.485439,337,331,345,439,245,247,235,243,245
1611428311.49526,334,333,343,442,246,246,236,243,243
1611428311.505374,337,329,341,442,245,247,237,245,240
1611428311.514953,338,325,341,440,245,246,234,246,245
1611428311.524747,337,333,342,433,244,245,236,245,245
1611428311.535277,338,333,344,440,240,245,234,243,245
1611428311.54518,336,330,341,442,245,245,232,244,245
1611428311.555104,336,331,342,436,243,245,237,245,245
1611428311.565016,336,333,342,438,245,241,235,245,244
1611428311.575092,338,333,342,441,244,242,235,246,245
1611428311.585426,330,331,338,439,245,245,237,246,244
1611428311.594859,336,331,341,440,245,246,237,240,240
1611428311.605128,337,333,341,437,244,245,236,246,244
1611428311.614807,336,331,341,442,238,245,238,245,245
1611428311.625449,337,332,342,437,245,246,237,243,245
1611428311.635082,340,333,340,442,239,245,237,241,243
1611428311.645686,337,336,342,438,246,246,234,243,244
1611428311.65505,337,328,342,439,245,246,237,245,242
1611428311.664925,336,336,342,437,246,242,232,245,244
1611428311.675137,337,333,336,437,245,246,237,246,244
1611428311.685026,337,333,342,438,246,241,233,245,245
1611428311.694667,336,336,342,434,241,245,236,245,245
1611428311.704884,338,333,344,433,243,245,237,245,245
1611428311.714699,330,326,340,440,245,245,237,246,244
1611428311.725324,331,336,341,437,245,245,236,246,245
1611428311.734909,340,331,343,440,243,245,236,246,244
1611428311.744734,336,333,337,442,244,246,237,246,245
1611428311.75471,336,329,341,440,246,246,236,246,245
1611428311.764852,338,331,342,442,245,245,237,246,240
1611428311.774824,338,332,338,440,244,245,237,246,244
1611428311.784963,336,333,338,437,246,246,236,246,245
1611428311.795455,338,333,342,439,246,246,232,245,245
1611428311.805314,336,333,341,440,244,247,237,245,240
1611428311.815053,330,336,340,437,245,245,237,245,244
1611428311.824834,338,333,341,440,246,241,234,245,244
1611428311.835186,338,333,342,442,245,245,237,241,245
1611428311.845217,337,333,342,440,244,246,238,245,240
1611428311.854827,337,333,344,434,242,245,237,245,245
1611428311.865007,337,336,346,442,242,242,237,246,244
1611428311.875062,340,333,345,442,245,246,232,244,245
1611428311.884963,336,333,338,443,242,245,237,245,245
1611428311.895696,336,336,344,442,245,246,237,243,242
1611428311.905537,336,336,342,442,245,246,237,244,240
1611428311.915107,336,333,341,442,245,246,232,244,245
1611428311.924949,336,333,342,442,245,243,236,246,239
1611428311.935036,336,333,342,437,244,245,236,246,244
1611428311.944964,331,336,340,438,245,246,237,245,245
1611428311.954967,336,333,343,440,245,241,234,244,245
1611428311.964838,340,327,342,438,245,246,237,241,244
1611428311.975292,338,333,344,438,245,247,235,242,245
1611428311.98547,336,336,341,442,246,246,236,241,242
1611428311.995134,338,333,344,437,242,245,237,245,245
1611428312.004907,338,333,341,442,245,246,237,240,243
1611428312.01502,338,333,342,438,245,246,236,245,244
1611428312.025056,338,329,342,437,245,246,237,245,244
1611428312.03538,338,331,338,440,245,245,237,246,245
1611428312.044951,336,331,341,438,245,245,232,244,244
1611428312.055173,330,331,341,440,245,245,237,241,242
1611428312.064982,336,333,336,439,245,245,236,246,244
1611428312.074958,338,330,341,437,245,246,237,245,243
1611428312.08506,331,333,342,442,245,246,234,244,245
1611428312.094821,338,331,344,440,246,241,234,245,245
1611428312.105429,337,333,337,432,245,245,237,241,243
1611428312.115052,336,328,341,440,245,245,236,245,238
1611428312.124827,337,331,341,434,244,245,237,244,245
1611428312.13532,337,333,342,440,246,246,231,245,244
1611428312.145145,338,333,343,442,239,243,236,245,245
1611428312.154851,338,331,342,440,244,242,232,244,244
1611428312.165038,338,331,342,437,244,246,237,243,243
1611428312.175572,336,333,344,442,245,246,230,245,244
1611428312.185137,340,333,342,437,244,246,237,245,245
1611428312.194912,338,336,344,438,245,246,230,245,245
1611428312.205208,337,333,342,434,244,245,237,246,244
1611428312.214885,338,333,341,442,245,242,232,245,244
1611428312.22493,336,331,344,442,245,246,234,242,244
1611428312.234971,338,333,343,437,245,246,236,245,240
1611428312.245037,338,336,341,440,244,245,237,245,245
1611428312.255415,338,333,342,434,244,245,237,246,245
1611428312.265259,340,331,342,429,244,244,235,246,244
1611428312.2753,337,333,344,440,245,242,234,244,245
1611428312.285093,338,333,344,439,239,245,237,245,245
1611428312.295127,336,333,344,437,245,242,230,245,244
1611428312.305158,336,331,338,436,245,245,237,245,244
1611428312.314849,338,331,343,437,245,246,237,245,245
1611428312.325645,336,336,343,432,244,245,235,244,245
1611428312.335029,336,333,337,434,245,245,236,246,244
1611428312.345045,336,330,341,432,243,245,237,245,242
1611428312.355098,336,328,340,438,239,244,235,245,245
1611428312.365153,336,331,344,438,245,241,232,245,245
1611428312.375162,330,333,344,437,243,245,237,245,244
1611428312.38531,336,331,342,442,245,244,232,244,245
1611428312.395423,337,330,345,439,245,245,237,240,243
1611428312.405132,336,333,344,438,245,245,235,244,243
1611428312.415438,337,332,344,442,239,245,237,244,245
1611428312.424899,336,330,342,440,244,245,233,244,244
1611428312.434989,336,333,342,437,245,245,236,245,241
1611428312.445112,336,333,341,437,245,244,235,241,242
1611428312.45519,336,326,340,438,245,245,236,245,238
1611428312.465029,336,333,336,440,244,246,237,244,241
1611428312.475454,336,331,342,437,244,245,237,245,245
1611428312.484961,338,333,340,439,242,245,236,245,245
1611428312.495139,338,333,341,440,244,245,234,241,242
1611428312.504713,337,333,342,437,241,243,235,245,245
1611428312.515039,336,336,341,434,245,244,237,245,244
1611428312.52506,338,333,342,440,240,243,237,244,244
1611428312.534863,337,333,341,437,245,246,236,245,241
1611428312.545184,336,330,341,436,245,245,235,246,244
1611428312.556157,331,330,340,438,245,245,237,243,242
1611428312.564884,336,331,341,438,245,246,231,243,244
1611428312.575003,336,331,342,432,245,245,235,246,239
1611428312.585212,333,330,342,438,245,246,237,242,244
1611428312.594914,337,330,342,438,245,244,236,246,239
1611428312.604786,336,330,344,440,245,245,235,242,242
1611428312.615357,336,330,341,438,245,245,232,244,243
1611428312.624979,336,333,341,438,238,245,237,244,245
1611428312.634975,338,330,336,436,245,245,235,245,239
1611428312.645082,336,329,342,436,245,240,234,244,244
1611428312.655916,336,325,340,437,243,246,237,245,239
1611428312.665117,333,331,340,432,244,244,235,245,244
1611428312.674996,328,329,338,437,244,245,236,241,241
1611428312.684641,336,325,340,438,244,245,232,242,245
1611428312.695214,336,327,341,439,244,244,232,243,244
1611428312.705418,336,329,340,437,243,245,235,241,242
1611428312.714935,330,331,341,438,244,244,236,240,242
1611428312.725064,336,333,341,437,241,245,235,245,243
1611428312.734576,330,330,341,438,238,244,236,244,244
1611428312.745021,336,330,338,429,242,243,235,244,242
1611428312.755264,336,331,339,437,239,243,234,245,244
1611428312.764945,336,325,338,437,245,245,235,244,244
1611428312.774734,331,330,341,438,245,245,232,243,242
1611428312.785003,340,326,338,437,244,245,236,245,243
1611428312.795091,336,331,341,442,244,245,236,239,241
1611428312.805208,337,333,338,437,242,245,235,244,245
1611428312.814726,336,333,342,442,244,244,230,243,243
1611428312.825304,338,333,342,437,245,241,234,245,239
1611428312.835254,331,330,341,437,245,245,234,245,239
1611428312.844806,336,330,338,438,245,244,235,245,242
1611428312.855068,338,333,341,442,245,244,235,240,242
1611428312.864942,337,333,342,442,245,239,232,244,242
1611428312.875082,338,336,341,442,244,243,235,242,240
1611428312.885293,332,333,342,433,243,244,234,245,244
1611428312.894966,336,330,342,438,237,242,235,244,244
1611428312.905,334,333,342,439,245,239,232,244,242
1611428312.915096,336,333,341,434,243,244,235,245,242
1611428312.925043,336,331,342,440,241,245,230,244,245
1611428312.935084,336,331,341,432,243,245,232,243,245
1611428312.945029,337,333,341,437,244,239,234,244,244
1611428312.954695,336,331,341,437,243,245,235,244,244
1611428312.964865,337,333,336,442,238,242,235,245,242
1611428312.97577,338,336,344,442,238,243,234,244,244
1611428312.985264,337,333,344,439,245,242,231,244,244
1611428312.994857,330,333,341,436,243,244,235,245,243
1611428313.005019,337,330,336,437,243,245,236,244,244
1611428313.015088,333,330,341,437,245,245,235,246,239
1611428313.025193,331,331,338,438,244,245,235,244,245
1611428313.035102,338,330,344,442,238,243,235,244,244
1611428313.04509,336,330,341,440,245,244,235,245,238
1611428313.054732,337,333,341,442,244,245,237,240,241
1611428313.065077,330,329,341,442,245,245,235,245,242
1611428313.074963,337,330,342,436,241,245,237,245,244
1611428313.084848,331,328,338,438,245,244,232,245,244
1611428313.094945,336,333,342,440,242,245,236,244,245
1611428313.105207,336,333,342,442,238,242,235,244,244
1611428313.114983,330,333,341,437,243,242,234,245,244
1611428313.125194,337,330,342,439,245,246,234,244,242
1611428313.134861,337,333,344,432,242,245,236,244,244
1611428313.144996,336,333,342,441,244,246,236,244,240
1611428313.155394,340,333,344,434,242,245,236,244,244
1611428313.164877,338,330,343,442,244,242,232,243,243
1611428313.175074,337,336,344,433,244,245,235,245,244
1611428313.184892,336,330,338,440,243,245,237,245,244
1611428313.195251,336,333,342,437,242,245,235,244,245
1611428313.205056,337,330,344,440,240,244,235,245,244
1611428313.215023,336,331,343,440,245,245,230,243,242
1611428313.224803,333,330,342,437,244,246,236,239,242
1611428313.234908,336,329,340,437,244,245,235,245,241
1611428313.245047,336,331,341,437,242,245,236,239,242
1611428313.254881,336,329,341,437,245,245,235,245,245
1611428313.264934,328,328,344,437,244,244,235,245,238
1611428313.275352,337,325,341,437,245,240,235,245,240
1611428313.285083,340,332,344,438,244,245,231,242,244
1611428313.295516,336,331,342,440,245,238,234,244,242
1611428313.304999,333,331,342,437,245,245,234,241,242
1611428313.315372,333,331,343,442,244,245,235,244,241
1611428313.324694,338,326,341,438,243,245,235,244,241
1611428313.334904,337,333,341,439,243,245,235,245,245
1611428313.344933,333,331,344,440,240,244,236,243,244
1611428313.355256,336,331,344,442,244,245,230,243,244
1611428313.365302,337,336,344,438,241,245,235,242,242
1611428313.375027,331,333,340,438,244,246,235,245,244
1611428313.385055,330,333,340,440,245,244,234,243,239
1611428313.395014,338,332,341,440,244,245,234,244,242
1611428313.404974,336,333,344,438,245,245,235,245,238
1611428313.415563,338,333,341,443,245,239,233,244,244
1611428313.42471,338,331,344,440,244,240,234,243,244
1611428313.435161,336,331,344,442,243,245,232,242,243
1611428313.44489,338,329,342,438,242,244,235,245,243
1611428313.455084,337,333,341,442,245,239,234,244,242
1611428313.465149,337,336,342,437,241,244,234,245,242
1611428313.475255,337,333,345,438,238,244,235,244,244
1611428313.484967,336,328,340,440,244,244,235,245,239
1611428313.494915,338,336,342,438,242,242,235,245,242
1611428313.504837,337,330,338,439,242,245,235,244,242
1611428313.514865,337,331,343,442,237,244,236,243,242
1611428313.524712,336,331,342,445,242,244,230,242,241
1611428313.534836,336,333,343,442,238,242,235,242,243
1611428313.545127,333,333,341,434,239,242,235,242,242
1611428313.555015,336,331,336,437,241,242,232,243,241
1611428313.564925,336,326,340,437,237,239,232,242,239
1611428313.574964,330,325,336,434,237,241,232,240,238
1611428313.584765,325,328,336,429,231,237,230,238,237
1611428313.594845,318,325,330,430,229,234,228,236,234
1611428313.60495,320,325,328,424,229,230,223,235,230
1611428313.615173,317,321,326,418,228,231,222,234,230
1611428313.625074,312,319,325,420,225,229,222,232,229
1611428313.634999,310,318,322,416,221,229,221,230,228
1611428313.645042,304,317,319,416,217,226,218,231,225
1611428313.655161,302,315,320,416,212,222,219,229,222
1611428313.665404,300,312,315,408,209,219,218,226,219
1611428313.674955,296,308,313,405,206,215,213,224,217
1611428313.685155,293,308,309,400,204,211,210,222,214
1611428313.695383,288,306,308,394,201,210,205,221,214
1611428313.70478,282,305,302,392,197,207,205,220,211
1611428313.714657,276,304,299,384,191,206,202,218,209
1611428313.724721,272,301,298,384,187,204,203,216,206
1611428313.734959,268,298,293,346,185,201,201,215,204
1611428313.745148,261,294,288,301,182,197,198,213,201
1611428313.755041,245,292,280,256,181,195,197,213,197
1611428313.765226,222,290,272,218,176,191,194,210,196
1611428313.775404,199,286,243,212,174,189,193,209,193
1611428313.785099,176,284,212,208,169,186,191,206,189
1611428313.795208,154,280,176,205,157,185,189,204,186
1611428313.805126,130,277,135,203,145,183,189,203,182
1611428313.815068,112,273,112,205,139,182,187,202,177
1611428313.824794,102,272,102,208,134,181,186,202,174
1611428313.834759,101,272,98,208,132,178,185,202,170
1611428313.844862,98,269,96,205,129,178,186,202,169
1611428313.85496,98,270,93,205,129,178,186,202,169
1611428313.865222,96,272,91,200,130,178,185,202,170
1611428313.875287,96,272,93,198,131,180,186,202,173
1611428313.885408,98,272,93,198,133,180,186,204,174
1611428313.895086,99,276,94,197,137,180,188,204,177
1611428313.905031,101,274,95,194,139,181,189,203,178
1611428313.914574,103,277,96,193,142,183,189,205,181
1611428313.925303,107,277,98,190,147,182,189,205,181
1611428313.935032,114,278,101,189,151,184,191,206,183
1611428313.945266,121,282,108,187,154,185,191,208,185
1611428313.954934,128,282,113,186,158,185,191,208,185
1611428313.965316,133,285,120,188,161,186,191,210,187
1611428313.975031,137,284,123,186,162,187,193,209,189
1611428313.984744,140,288,123,184,164,187,193,210,188
1611428313.994775,136,288,117,184,162,186,192,210,189
1611428314.005254,129,285,104,182,161,186,192,210,187
1611428314.015052,115,282,88,185,158,186,194,208,186
1611428314.025206,100,277,71,187,154,186,193,208,181
1611428314.035153,85,274,61,208,147,186,193,208,166
1611428314.044936,77,269,62,266,136,185,191,206,117
1611428314.054855,67,283,173,336,121,184,193,202,53
1611428314.064911,64,292,256,358,105,181,193,194,38
1611428314.075399,69,301,280,384,77,149,191,188,33
1611428314.084948,111,301,296,389,50,50,186,198,84
1611428314.094941,149,301,298,397,43,37,178,202,143
1611428314.105289,232,304,301,400,38,32,179,209,181
1611428314.11471,256,304,304,404,41,53,182,213,189
1611428314.125308,262,305,306,405,45,106,186,213,196
1611428314.134944,269,304,308,405,53,136,187,212,198
1611428314.144955,272,308,306,406,63,152,187,214,199
1611428314.154881,273,306,306,406,71,158,189,215,200
1611428314.165047,272,305,308,405,74,161,188,214,201
1611428314.174966,272,306,306,404,70,161,187,214,199
1611428314.185075,266,305,304,405,62,160,187,213,199
1611428314.195086,266,301,302,405,56,158,186,212,197
1611428314.204917,260,301,301,401,53,156,186,212,196
1611428314.215015,256,301,301,400,51,156,186,212,195
1611428314.224648,248,300,301,400,50,157,186,210,191
1611428314.234937,245,299,299,397,51,160,188,209,192
1611428314.244922,240,299,299,394,51,162,189,210,191
1611428314.254922,234,301,298,392,55,172,192,210,192
1611428314.264758,232,298,301,389,61,186,195,210,193
1611428314.275253,233,301,298,386,73,195,199,212,194
1611428314.285782,234,301,298,385,126,201,202,216,197
1611428314.295099,245,304,299,384,170,205,203,218,201
1611428314.304787,258,306,298,388,194,207,205,221,205
1611428314.31488,272,306,302,389,199,210,205,221,210
1611428314.325398,282,308,307,389,204,213,208,221,214
1611428314.334947,289,309,310,400,207,214,209,221,216
1611428314.345184,298,309,313,401,210,217,212,225,218
1611428314.3552,298,314,314,408,213,218,216,226,219
1611428314.364966,301,315,317,416,214,219,215,229,221
1611428314.375122,302,317,320,416,215,224,220,230,225
1611428314.385245,306,319,321,416,219,226,221,232,228
1611428314.394635,310,320,326,418,224,230,223,234,229
1611428314.405431,317,322,326,424,228,232,223,236,229
1611428314.415199,320,325,330,424,228,233,227,235,234
1611428314.424959,325,325,328,426,232,234,229,238,233
1611428314.435272,324,328,337,434,234,237,230,240,238
1611428314.444866,325,329,333,436,237,241,232,241,241
1611428314.455069,333,328,341,437,239,242,234,238,239
1611428314.465214,336,331,341,440,241,242,234,243,241
1611428314.475123,336,331,341,433,242,242,234,244,242
1611428314.484731,338,331,342,440,244,238,232,243,244
1611428314.494907,338,328,342,440,244,241,230,242,243
1611428314.50499,336,331,341,442,243,237,232,243,242
1611428314.515121,336,333,341,432,242,244,234,244,244
1611428314.525229,337,331,341,440,244,244,234,244,242
1611428314.535197,336,326,341,441,243,243,234,245,244
1611428314.545305,336,330,341,440,242,244,235,238,241
1611428314.554903,337,330,342,440,243,245,234,238,242
1611428314.564996,331,330,342,442,242,245,235,238,242
1611428314.575261,337,330,341,442,241,241,235,243,243
1611428314.585064,336,331,340,442,242,244,234,244,239
1611428314.594714,330,331,343,442,242,239,233,242,244
1611428314.604803,331,331,341,438,242,243,234,244,242
1611428314.615081,336,333,342,442,244,240,230,243,242
1611428314.625107,336,333,341,442,242,240,234,243,242
1611428314.635173,338,333,336,437,242,244,234,245,242
1611428314.644908,337,330,342,440,242,244,229,241,242
1611428314.654996,337,331,336,442,242,244,235,242,241
1611428314.665219,336,333,342,442,242,239,232,243,243
1611428314.674815,330,333,336,439,243,244,234,244,242
1611428314.685061,333,336,342,437,242,244,234,243,244
1611428314.695145,337,333,342,442,240,242,234,244,242
1611428314.704833,330,333,343,442,242,241,233,243,243
1611428314.714986,338,331,344,442,244,244,234,244,242
1611428314.725449,336,330,342,442,242,238,232,242,243
1611428314.73499,336,333,342,440,243,241,234,242,244
1611428314.745108,336,333,342,442,242,241,234,244,242
1611428314.754848,336,331,341,442,244,241,229,244,242
1611428314.764968,333,330,341,442,242,244,235,238,242
1611428314.775055,337,330,336,442,242,243,235,244,242
1611428314.785066,336,331,342,437,242,245,234,244,244
1611428314.794796,337,331,342,445,238,241,234,243,242
1611428314.805215,340,332,344,442,241,241,234,243,243
1611428314.814762,336,333,342,433,242,244,234,244,244
1611428314.824644,336,331,340,440,242,245,235,238,244
1611428314.835423,336,330,341,442,244,245,235,238,242
1611428314.845097,336,333,341,442,244,238,233,244,242
1611428314.854732,336,333,343,445,242,244,234,243,244
1611428314.865699,338,333,336,438,245,243,234,244,242
1611428314.875435,338,326,343,440,243,245,235,244,244
1611428314.884765,336,331,341,436,242,245,234,244,245
1611428314.894842,336,333,340,440,245,244,234,245,239
1611428314.904818,336,333,341,440,244,244,229,242,242
1611428314.91481,330,330,342,442,239,244,234,244,244
1611428314.924952,337,331,342,440,243,244,235,243,245
1611428314.934856,336,331,341,440,245,245,235,240,242
1611428314.944975,336,330,342,442,242,245,235,242,244
1611428314.954816,338,328,338,442,239,240,234,245,242
1611428314.964909,340,333,344,445,243,244,230,242,242
1611428314.97467,336,333,343,437,243,243,235,244,239
1611428314.984796,337,333,344,436,241,245,235,244,244
1611428314.995178,338,330,338,442,244,244,235,245,243
1611428315.005297,337,336,341,436,243,244,234,245,244
1611428315.015218,336,333,341,442,238,245,234,245,244
1611428315.024881,336,330,342,442,244,245,236,244,240
1611428315.034951,337,333,341,438,244,245,234,245,244
1611428315.045464,338,331,342,442,241,241,234,244,243
1611428315.054676,336,333,342,437,242,245,235,244,244
1611428315.065039,336,331,341,440,242,244,235,243,244
1611428315.07497,337,331,342,442,244,239,230,244,242
1611428315.085198,336,330,342,440,244,244,235,245,242
1611428315.094799,336,333,342,442,242,242,235,244,244
1611428315.104885,330,333,344,442,244,244,235,244,244
1611428315.114988,336,333,342,436,237,242,235,243,244
1611428315.124916,328,331,341,437,242,245,236,244,244
1611428315.135046,333,332,333,437,245,244,235,245,242
1611428315.145253,336,330,342,438,245,245,230,244,243
1611428315.155037,337,333,336,442,243,244,234,245,245
1611428315.164898,338,330,344,443,238,242,235,244,245
1611428315.175029,330,331,344,442,240,242,235,244,244
1611428315.185072,331,331,341,442,245,245,234,241,242
1611428315.194932,337,331,337,442,242,245,237,244,244
1611428315.205182,336,336,344,434,242,245,235,244,245
1611428315.215063,338,333,342,442,243,244,235,244,242
1611428315.225955,337,333,342,442,241,243,234,244,244
1611428315.235017,336,332,341,442,245,244,229,243,242
1611428315.244806,336,330,341,442,243,245,234,244,244
1611428315.254829,338,328,342,442,244,245,236,244,239
1611428315.265056,338,333,342,442,245,244,235,245,242
1611428315.27489,337,331,344,439,245,245,235,245,244
1611428315.285421,338,336,344,442,244,240,232,243,244
1611428315.294651,338,333,344,437,242,245,235,245,245
1611428315.304699,336,336,343,440,244,244,234,245,243
1611428315.314995,333,333,338,445,245,244,234,245,242
1611428315.325182,338,328,340,442,244,244,235,245,242
1611428315.335134,337,333,346,445,244,241,234,245,243
1611428315.344917,340,333,342,440,242,243,235,245,243
1611428315.354948,340,333,346,442,244,242,230,243,243
1611428315.365047,338,333,342,445,238,242,235,244,243
1611428315.37491,336,331,346,445,243,241,232,243,244
1611428315.384986,338,336,340,442,245,245,235,245,244
1611428315.394901,338,333,337,442,242,245,235,244,244
1611428315.404702,341,333,340,438,244,245,234,245,244
1611428315.415187,338,336,342,437,244,245,234,245,244
1611428315.424917,338,336,343,445,241,243,234,245,242
1611428315.435046,338,333,340,443,245,245,234,245,242
1611428315.444949,338,331,346,442,243,245,235,244,244
1611428315.455113,338,336,342,437,244,245,234,245,244
1611428315.464964,338,333,345,442,239,245,236,244,244
1611428315.474962,338,333,344,438,242,245,236,244,245
1611428315.484947,338,333,344,445,243,240,233,242,244
1611428315.49468,340,328,341,442,242,245,235,244,244
1611428315.504885,336,336,344,445,243,239,233,242,244
1611428315.514544,336,333,345,445,244,244,230,243,244
1611428315.524748,338,333,342,438,241,244,236,244,244
1611428315.535136,340,329,341,445,244,245,234,245,239
1611428315.545155,337,333,337,438,244,245,235,245,238
1611428315.554909,338,328,338,442,244,245,232,244,244
1611428315.565284,336,333,342,442,244,245,235,244,239
1611428315.575005,336,331,344,445,244,245,229,244,244
1611428315.585024,340,333,344,445,244,244,235,241,241
1611428315.595328,338,336,338,440,243,244,234,245,242
1611428315.604775,330,331,338,440,244,244,235,245,242
1611428315.61555,338,336,336,443,244,244,235,239,241
1611428315.624934,333,336,346,445,238,244,235,244,245
1611428315.634908,340,330,340,443,244,244,235,245,240
1611428315.644814,337,336,344,440,242,244,235,244,245
1611428315.654675,341,336,344,446,245,244,229,241,239
1611428315.664635,341,336,336,445,245,245,234,245,243
1611428315.675138,337,331,336,442,242,245,235,245,244
1611428315.68455,337,330,341,443,238,242,236,242,244
1611428315.695417,336,331,342,445,245,245,234,242,242
1611428315.70498,340,333,344,445,237,243,235,242,244
1611428315.71501,338,336,344,442,242,244,235,245,243
1611428315.724986,341,336,346,445,242,245,235,245,245
1611428315.735056,338,336,344,445,242,242,232,243,244
1611428315.744799,341,336,344,440,243,243,235,244,243
1611428315.755211,340,333,341,443,245,244,235,245,239
1611428315.765076,340,336,341,442,244,245,234,243,244
1611428315.774859,338,333,342,445,244,244,235,245,243
1611428315.78479,340,328,341,442,239,242,234,244,243
1611428315.794924,336,328,346,445,242,241,232,242,244
1611428315.805196,339,336,344,437,242,245,234,245,244
1611428315.814808,338,333,340,442,242,245,235,244,244
1611428315.824792,337,336,341,445,244,238,232,244,242
1611428315.835002,336,334,342,442,242,242,235,240,242
1611428315.844698,336,328,341,441,244,245,229,244,244
1611428315.854923,336,333,345,435,242,245,234,244,244
1611428315.864794,337,331,342,441,244,245,235,239,242
1611428315.874977,337,328,342,442,244,245,235,244,239
1611428315.885169,338,333,342,443,244,244,235,239,241
1611428315.89489,337,332,344,437,242,244,235,242,244
1611428315.904671,333,333,344,443,238,242,235,242,244
1611428315.914981,336,336,344,434,242,244,234,244,245
1611428315.925447,337,333,341,445,244,240,232,242,243
1611428315.935554,340,331,341,442,244,245,234,244,239
1611428315.945088,338,336,343,443,244,245,234,245,243
1611428315.955141,340,336,342,443,244,244,229,242,242
1611428315.964922,340,333,338,442,242,245,236,242,244
1611428315.974888,337,330,337,438,244,245,234,244,242
1611428315.985082,336,336,338,442,244,245,234,245,242
1611428315.995238,336,328,345,443,238,242,235,244,242
1611428316.005132,340,330,341,443,245,244,234,245,239
1611428316.015053,336,336,341,442,239,242,234,245,242
1611428316.025327,336,336,341,439,244,244,234,244,242
1611428316.03522,338,336,342,437,243,245,234,245,243
1611428316.045464,338,333,340,442,244,245,234,245,241
1611428316.055186,337,328,344,442,240,244,236,244,244
1611428316.065292,340,336,346,445,244,244,234,242,244
1611428316.075188,338,333,342,445,243,244,234,241,242
1611428316.085378,338,333,342,437,242,245,235,244,244
1611428316.095137,331,331,342,438,244,244,235,245,242
1611428316.104815,336,333,337,440,245,244,234,245,242
1611428316.115177,337,329,341,440,244,245,234,245,240
1611428316.125151,333,333,341,443,244,245,235,245,244
1611428316.135621,338,333,343,442,245,245,234,241,242
1611428316.144837,338,336,341,440,245,244,235,244,244
1611428316.155234,336,328,341,441,244,245,234,245,238
1611428316.165064,337,336,336,440,243,245,234,245,243
1611428316.17513,333,336,344,443,245,245,234,242,242
1611428316.185048,337,330,342,442,244,243,235,245,239
1611428316.194812,338,333,343,442,245,239,232,245,244
1611428316.205036,337,336,344,443,242,243,235,245,242
1611428316.215352,340,336,346,438,244,245,234,245,244
1611428316.225252,337,333,343,446,243,245,236,241,242
1611428316.234939,339,336,344,444,245,239,232,242,241
1611428316.244973,338,336,342,443,245,244,230,244,242
1611428316.254873,338,336,344,437,242,245,235,244,244
1611428316.265075,337,331,344,443,244,245,231,242,243
1611428316.274932,337,333,344,440,245,245,229,242,242
1611428316.285379,338,333,342,442,245,245,230,242,244
1611428316.294869,331,331,343,442,239,244,235,244,243
1611428316.305205,337,333,344,445,244,239,234,242,244
1611428316.315198,338,336,344,443,245,245,234,245,240
1611428316.325623,340,330,342,442,243,245,230,244,245
1611428316.335031,338,332,342,444,245,244,235,244,240
1611428316.344901,338,336,344,448,239,242,234,245,242
1611428316.354949,340,333,346,445,245,245,236,244,243
1611428316.364923,341,333,341,442,242,245,235,244,245
1611428316.374792,337,336,342,442,244,245,237,243,239
1611428316.385786,340,336,346,446,243,239,234,242,244
1611428316.39506,341,336,340,443,244,244,235,245,242
1611428316.40504,341,333,344,442,244,245,235,245,243
1611428316.415383,336,336,346,444,245,245,234,242,242
1611428316.425031,338,330,341,443,245,244,237,244,244
1611428316.43489,340,336,346,445,244,240,234,242,244
1611428316.444624,331,336,338,443,245,244,235,245,243
1611428316.45508,338,336,345,443,244,245,232,242,244
1611428316.465348,338,333,341,436,244,245,234,245,244
1611428316.474971,336,326,341,442,244,245,236,244,238
1611428316.485171,338,333,344,443,238,243,235,244,238
1611428316.494979,338,333,342,442,244,244,235,245,243
1611428316.505473,337,333,344,445,244,239,234,244,242
1611428316.515437,338,328,344,440,245,244,236,244,239
1611428316.526259,338,331,342,443,238,243,235,244,243
1611428316.535058,338,330,336,441,243,245,235,243,243
1611428316.544738,338,330,341,442,245,241,230,244,242
1611428316.554687,336,333,342,445,243,239,233,242,244
1611428316.565037,338,330,344,442,239,243,236,243,244
1611428316.575091,337,336,345,445,244,241,231,244,244
1611428316.584843,336,333,346,440,244,244,235,245,242
1611428316.595532,336,331,341,443,244,245,235,242,243
1611428316.604836,338,336,341,445,245,239,232,244,243
1611428316.615726,338,336,343,439,243,245,234,245,244
1611428316.625287,338,336,338,442,244,243,235,245,242
1611428316.635043,338,336,346,445,240,242,234,245,243
1611428316.644997,340,336,336,442,245,244,235,245,243
1611428316.655145,341,336,343,439,242,244,236,244,244
1611428316.665262,338,333,346,443,244,240,232,245,242
1611428316.674824,333,333,342,445,243,245,236,244,239
1611428316.685032,338,336,344,441,242,244,234,245,243
1611428316.694669,336,336,344,445,245,244,235,241,241
1611428316.705053,340,331,347,447,243,245,235,241,242
1611428316.715561,340,333,344,443,245,239,232,244,237
1611428316.724996,338,333,344,441,244,244,234,244,240
1611428316.734925,333,333,346,445,237,244,235,243,244
1611428316.745016,340,329,342,446,243,245,235,242,239
1611428316.755241,341,336,346,445,239,242,234,245,242
1611428316.765373,340,336,341,442,244,245,236,243,245
1611428316.775591,341,336,344,445,244,244,235,243,245
1611428316.785217,340,336,346,442,245,245,234,242,242
1611428316.795155,337,333,346,446,245,244,232,240,242
1611428316.804897,340,336,343,446,244,245,235,241,242
1611428316.815719,341,336,344,443,242,245,232,243,244
1611428316.825343,341,330,337,446,245,245,234,244,242
1611428316.835258,340,336,344,445,244,244,230,240,242
1611428316.844922,340,336,346,445,244,245,235,244,241
1611428316.855313,338,336,346,445,243,243,235,244,241
1611428316.865114,338,336,344,443,239,241,234,244,240
1611428316.875393,337,331,341,440,244,243,232,244,244
1611428316.885258,333,331,341,442,245,244,234,244,238
1611428316.894967,337,331,342,442,239,241,235,245,242
1611428316.905086,336,330,344,443,242,242,234,245,242
1611428316.914652,338,329,342,443,244,245,234,244,243
1611428316.925054,340,338,349,448,245,243,235,245,244
1611428316.935141,341,333,346,448,242,245,235,242,244
1611428316.946293,341,336,344,440,239,241,230,244,238
1611428316.954944,336,336,346,447,244,244,234,243,243
1611428316.964916,342,336,346,445,243,244,234,243,242
1611428316.974967,340,336,346,440,244,245,234,242,240
1611428316.984724,338,336,346,445,242,244,234,244,239
1611428316.994843,340,336,343,443,245,242,235,244,243
1611428317.005238,341,336,346,446,245,245,234,244,244
1611428317.015581,340,336,346,445,244,245,236,244,242
1611428317.024952,338,331,343,442,245,245,234,244,243
1611428317.034773,336,330,346,446,244,245,232,239,242
1611428317.045016,340,336,346,442,244,245,235,239,242
1611428317.054835,338,330,341,442,244,245,235,242,241
1611428317.064933,338,330,341,442,242,245,235,245,244
1611428317.075105,337,333,342,442,240,242,234,245,242
1611428317.084991,330,333,344,442,245,244,234,241,242
1611428317.095253,337,326,341,441,244,244,234,245,238
1611428317.105327,338,333,344,442,245,244,229,244,243
1611428317.115585,331,336,346,445,244,245,234,244,242
1611428317.125019,338,330,340,437,242,244,235,244,244
1611428317.135156,336,333,342,437,243,245,234,242,242
1611428317.145043,336,330,343,442,242,243,235,243,242
1611428317.155285,338,333,344,442,238,244,234,244,243
1611428317.165333,337,333,340,442,243,244,235,243,242
1611428317.175029,336,333,344,442,245,245,230,242,242
1611428317.184819,336,336,342,442,243,244,234,244,242
1611428317.194794,338,336,341,445,244,241,230,244,242
1611428317.205658,338,331,342,443,244,244,235,241,241
1611428317.215546,336,328,340,443,244,245,235,244,238
1611428317.225403,331,333,337,442,243,245,235,244,244
1611428317.235374,337,330,339,438,244,245,234,245,244
1611428317.245036,336,333,343,437,243,244,234,244,244
1611428317.255034,336,333,342,443,243,244,230,242,243
1611428317.265088,336,330,342,442,244,242,232,243,243
1611428317.274773,337,333,343,442,244,241,234,244,242
1611428317.284892,338,331,344,442,237,244,235,244,244
1611428317.295428,336,333,344,442,238,243,234,244,243
1611428317.304963,338,330,341,442,244,245,234,244,241
1611428317.314775,338,332,341,438,241,244,235,243,244
1611428317.324836,336,328,342,445,243,245,235,244,238
1611428317.334773,337,333,342,442,239,242,234,244,242
1611428317.344827,331,330,343,442,243,245,230,242,243
1611428317.35487,331,336,342,445,242,245,233,241,243
1611428317.365308,338,330,341,442,243,244,230,242,244
1611428317.375106,333,330,343,442,244,245,229,242,242
1611428317.385493,337,329,344,442,244,241,234,245,241
1611428317.395127,330,333,342,443,244,244,234,241,241
1611428317.405217,340,330,341,442,244,245,235,244,239
1611428317.415292,333,330,342,442,245,245,234,242,241
1611428317.425061,336,336,340,440,244,245,235,239,242
1611428317.434995,336,336,341,445,244,241,230,243,242
1611428317.444692,336,333,342,442,245,240,230,243,242
1611428317.455046,337,332,341,442,245,239,230,244,243
1611428317.465196,336,329,339,442,244,245,235,244,239
1611428317.475127,327,326,341,437,244,245,235,244,239
1611428317.485061,333,328,341,437,244,243,230,242,244
1611428317.494926,333,325,336,442,237,242,236,243,243
1611428317.504839,330,328,337,437,245,241,230,243,238
1611428317.514949,333,330,338,440,244,244,235,241,241
1611428317.524768,336,330,336,437,244,244,235,245,242
1611428317.534839,328,328,341,439,244,245,234,242,240
1611428317.545139,328,331,338,436,244,244,235,245,242
1611428317.555105,336,331,331,440,243,244,237,243,244
1611428317.565085,336,333,336,440,244,244,235,245,243
1611428317.574857,336,331,341,442,244,245,236,244,244
1611428317.585015,336,333,342,436,242,244,236,244,243
1611428317.594967,336,333,342,442,245,242,229,244,244
1611428317.605106,330,328,342,437,244,244,234,245,242
1611428317.615235,336,333,336,440,244,243,234,244,243
1611428317.624823,336,330,344,434,242,244,234,244,245
1611428317.634954,337,331,343,435,242,245,235,244,244
1611428317.644751,336,336,341,438,244,244,234,244,239
1611428317.654581,333,333,336,442,243,244,234,242,242
1611428317.664955,336,326,338,438,243,243,234,243,243
1611428317.675084,336,333,343,437,238,243,235,245,243
1611428317.684538,336,333,344,442,244,241,234,239,242
1611428317.694712,336,328,341,440,243,245,234,244,242
1611428317.705139,337,333,346,438,242,245,234,244,243
1611428317.714958,338,331,344,442,244,242,235,242,244
1611428317.724988,336,330,340,442,244,244,234,245,238
1611428317.735021,333,325,341,445,243,245,231,241,242
1611428317.745012,330,331,344,442,242,245,235,242,244
1611428317.755037,336,333,344,442,242,242,234,242,244
1611428317.765323,338,330,338,443,244,239,231,242,242
1611428317.775114,336,333,342,439,238,242,234,244,243
1611428317.785072,330,333,341,438,242,244,235,244,244
1611428317.795032,336,331,341,445,240,242,235,242,244
1611428317.804938,337,330,336,442,239,244,234,244,243
1611428317.815276,336,333,337,442,242,243,235,244,242
1611428317.824944,330,331,344,444,243,245,230,244,242
1611428317.83504,337,327,342,439,241,244,235,242,244
1611428317.845169,336,333,336,442,242,244,234,244,242
1611428317.854937,336,331,345,442,240,244,234,244,243
1611428317.865316,336,331,340,442,243,244,235,242,238
1611428317.875146,336,333,341,442,244,242,229,243,242
1611428317.885235,336,330,342,442,243,244,235,241,242
1611428317.895215,331,333,341,442,244,244,234,244,242
1611428317.904765,336,331,338,438,242,245,234,244,243
1611428317.914787,337,330,342,442,242,243,235,244,242
1611428317.925313,336,330,341,439,244,245,234,244,238
1611428317.934675,337,333,341,442,244,239,234,243,242
1611428317.944911,337,331,342,443,245,238,233,244,242
1611428317.95517,338,333,344,437,242,244,234,243,244
1611428317.965375,337,332,338,440,244,245,234,244,245
1611428317.975172,338,333,342,442,240,242,234,245,242
1611428317.985303,337,330,337,442,244,242,236,241,243
1611428317.995343,338,336,341,442,244,243,230,242,242
1611428318.005209,333,331,343,443,242,245,230,242,244
1611428318.015057,337,325,341,440,244,243,234,244,237
1611428318.025282,336,330,336,442,237,243,234,244,243
1611428318.035733,336,330,341,442,244,244,235,241,241
1611428318.044684,338,331,336,438,244,245,234,244,242
1611428318.054848,336,330,342,442,244,245,234,243,244
1611428318.065228,337,330,341,442,238,242,235,242,244
1611428318.07486,333,331,342,438,242,245,235,244,244
1611428318.085201,337,331,341,433,242,242,235,244,239
1611428318.095157,336,331,342,442,245,245,229,242,242
1611428318.104923,337,332,342,440,245,240,229,244,242
1611428318.114728,331,333,341,445,244,244,234,245,237
1611428318.124913,336,333,342,442,244,239,230,244,242
1611428318.134717,338,332,344,445,242,240,234,242,243
1611428318.145347,340,336,341,445,244,243,229,243,242
1611428318.155127,337,330,342,443,244,242,229,243,242
1611428318.165171,337,330,342,443,244,244,235,240,241
1611428318.175365,339,333,342,442,240,241,234,243,242
1611428318.18499,336,330,342,443,238,244,235,242,243
1611428318.19458,338,326,342,438,242,243,235,244,242
1611428318.205144,337,333,344,436,242,244,234,244,244
1611428318.215019,336,333,344,442,244,245,229,242,241
1611428318.22483,333,333,342,442,245,244,230,243,242
1611428318.234783,333,333,341,437,242,245,235,243,244
1611428318.245299,338,330,342,443,243,245,236,238,242
1611428318.254927,336,330,341,442,242,244,235,242,244
1611428318.265037,336,333,342,443,245,239,232,244,242
1611428318.275125,338,336,342,443,244,244,230,242,242
1611428318.284973,337,336,342,437,242,243,234,245,242
1611428318.294923,336,333,342,440,243,242,234,244,242
1611428318.305223,338,336,344,437,242,244,234,244,245
1611428318.315244,336,330,340,438,244,245,234,245,243
1611428318.324865,336,333,341,442,238,242,234,244,242
1611428318.334992,336,328,338,440,244,243,235,244,242
1611428318.345145,337,331,341,442,244,244,233,241,241
1611428318.355037,333,330,342,442,245,244,230,242,242
1611428318.365097,336,332,344,437,241,244,235,243,244
1611428318.374804,340,333,346,437,241,244,235,244,244
1611428318.384707,338,336,336,442,244,243,235,244,242
1611428318.394831,338,333,346,445,240,243,234,244,243
1611428318.405026,336,330,342,445,244,245,235,244,239
1611428318.414985,338,333,341,437,242,244,235,243,244
1611428318.425241,336,333,342,442,245,242,229,243,242
1611428318.434957,337,333,342,442,245,244,229,242,242
1611428318.444708,336,326,340,442,244,245,235,241,239
1611428318.45491,337,330,338,443,242,245,234,244,244
1611428318.465275,338,330,341,440,242,242,235,244,242
1611428318.474925,336,331,341,443,245,245,234,242,242
1611428318.484873,338,330,341,440,244,244,235,245,239
1611428318.495097,336,333,342,442,243,244,234,243,244
1611428318.505438,333,331,341,442,243,244,236,242,239
1611428318.515297,336,333,342,445,244,238,233,243,242
1611428318.524762,336,328,341,445,244,243,234,244,244
1611428318.534979,340,336,336,442,244,241,234,244,243
1611428318.545029,337,333,341,442,241,244,234,244,243
1611428318.555583,336,333,338,437,243,242,234,244,242
1611428318.565209,330,330,341,445,243,245,235,240,242
1611428318.574917,337,333,338,445,244,243,229,242,243
1611428318.585051,330,326,341,442,242,244,235,244,238
1611428318.597058,338,331,341,437,242,242,234,244,242
1611428318.607283,336,330,341,439,242,239,231,242,242
1611428318.615133,333,330,341,440,239,244,235,242,244
1611428318.624818,336,336,344,436,243,244,234,245,242
1611428318.635044,337,330,342,445,242,244,235,241,241
1611428318.645327,336,331,342,440,244,245,234,240,241
1611428318.655294,336,330,341,442,243,239,234,243,241
1611428318.665918,336,331,342,440,244,240,233,244,243
1611428318.674871,337,330,338,442,239,241,234,244,243
1611428318.685036,329,331,341,442,245,244,234,240,241
1611428318.695187,333,329,341,442,244,245,235,243,241
1611428318.705236,330,330,341,442,243,245,235,238,242
1611428318.714647,330,331,341,442,244,244,229,244,242
1611428318.725361,338,331,341,445,245,244,230,242,242
1611428318.734768,340,330,342,441,244,245,232,242,242
1611428318.744995,336,330,342,445,242,245,230,242,243
1611428318.754917,337,333,341,445,244,244,234,240,244
1611428318.764994,337,333,342,445,243,245,230,241,243
1611428318.774961,338,336,341,442,244,239,234,243,243
1611428318.784897,338,331,344,437,241,245,234,244,243
1611428318.795177,336,333,341,436,243,244,234,244,242
1611428318.805116,338,333,338,440,243,244,234,244,243
1611428318.814948,336,336,341,442,243,244,234,245,242
1611428318.825069,340,333,343,442,243,245,229,242,242
1611428318.835252,340,333,344,445,242,243,232,241,242
1611428318.844883,330,330,344,442,242,242,233,242,243
1611428318.855191,334,331,343,445,242,245,234,239,242
1611428318.865291,337,333,346,437,241,244,234,242,244
1611428318.875113,340,336,343,445,244,242,229,243,242
1611428318.885329,330,336,342,445,242,244,235,244,242
1611428318.895492,338,336,346,445,242,245,235,242,244
1611428318.905722,340,336,344,446,244,243,235,240,241
1611428318.915016,338,336,344,443,244,243,234,241,241
1611428318.924779,333,331,344,442,244,245,232,242,242
1611428318.934935,336,331,342,445,244,244,235,238,241
1611428318.944879,337,336,341,445,242,244,233,241,241
1611428318.955023,330,333,344,445,244,245,229,242,243
1611428318.965072,336,333,346,443,244,245,234,244,243
1611428318.975102,341,334,342,442,244,243,229,243,242
1611428318.985158,338,331,345,442,244,240,234,245,243
1611428318.99496,331,330,341,445,244,237,234,244,243
1611428319.006357,340,336,346,445,243,244,230,242,244
1611428319.01519,339,330,342,445,242,244,233,240,242
1611428319.024995,337,336,345,445,244,237,232,243,242
1611428319.03503,340,328,344,442,242,244,233,244,238
1611428319.044781,336,330,342,442,240,244,234,240,240
1611428319.054661,336,333,341,440,241,241,228,242,241
1611428319.064597,331,333,339,442,239,239,229,240,239
1611428319.074967,326,330,337,436,237,238,229,239,237
1611428319.084897,322,329,336,432,232,237,229,234,235
1611428319.095106,320,323,333,427,229,234,224,235,233
1611428319.104818,318,320,330,424,227,232,223,233,232
1611428319.114786,314,321,325,421,225,229,221,233,227
1611428319.125133,309,318,322,416,219,228,221,230,227
1611428319.135292,305,314,319,416,216,225,219,229,223
1611428319.144675,300,317,317,410,212,221,218,228,219
1611428319.155013,296,310,314,404,209,218,215,225,218
1611428319.165413,292,311,310,395,205,214,212,222,215
1611428319.175222,283,306,304,390,202,213,210,222,213
1611428319.184944,278,308,301,386,198,209,207,221,210
1611428319.195021,273,306,298,384,193,207,205,218,206
1611428319.205414,248,301,293,384,189,204,203,215,205
1611428319.215046,202,301,285,362,184,200,202,213,198
1611428319.225418,141,298,283,338,174,197,199,212,196
1611428319.23481,108,296,277,328,158,194,198,210,189
1611428319.244962,100,293,269,330,143,192,197,206,177
1611428319.255571,94,288,256,336,131,189,194,206,155
1611428319.265027,90,285,221,340,121,187,194,205,141
1611428319.275102,90,282,174,333,113,185,193,203,128
1611428319.2851,88,278,128,326,108,183,192,202,123
1611428319.295112,86,275,93,314,104,182,190,203,121
1611428319.305028,85,274,79,301,102,182,190,202,122
1611428319.315097,87,272,73,288,101,182,190,201,126
1611428319.324933,86,272,69,273,101,182,189,204,130
1611428319.33531,86,274,65,266,101,181,189,203,132
1611428319.345223,85,274,63,264,98,181,190,205,132
1611428319.355016,84,272,61,264,95,181,189,203,130
1611428319.365111,84,275,61,264,93,181,189,204,129
1611428319.375143,84,272,60,266,93,181,190,203,129
1611428319.385076,83,273,59,269,93,181,189,204,128
1611428319.395119,82,274,58,276,94,181,190,204,125
1611428319.404928,80,274,58,296,94,182,190,204,117
1611428319.415039,77,281,62,326,92,181,190,205,97
1611428319.424998,74,293,122,357,87,181,191,205,68
1611428319.434882,69,297,221,369,85,182,193,204,54
1611428319.444936,70,299,272,384,86,181,193,205,45
1611428319.455218,77,304,293,392,71,175,192,204,38
1611428319.465115,109,306,301,400,56,142,191,210,63
1611428319.474724,168,305,308,404,46,77,192,212,158
1611428319.485048,216,305,306,402,43,52,192,213,184
1611428319.495303,245,306,306,402,42,49,190,213,193
1611428319.504969,256,308,309,408,43,72,190,214,196
1611428319.514946,263,308,309,410,46,117,191,214,201
1611428319.524982,269,305,308,408,51,150,191,215,201
1611428319.534896,270,304,310,410,61,163,190,214,203
1611428319.544797,274,305,309,405,72,170,190,215,203
1611428319.555046,274,306,308,408,84,171,189,213,203
1611428319.565417,274,306,309,404,94,176,189,214,205
1611428319.575072,277,305,309,406,104,178,190,215,205
1611428319.585301,279,306,309,405,115,181,190,215,205
1611428319.594848,280,304,310,406,123,183,193,215,206
1611428319.605181,280,305,309,406,133,184,194,216,206
1611428319.615174,282,304,309,404,141,187,195,216,208
1611428319.625442,288,308,310,406,149,189,197,215,207
1611428319.635224,285,305,310,406,157,190,196,217,209
1611428319.64497,288,307,312,408,162,192,199,218,207
1611428319.655701,285,306,308,406,167,194,199,218,209
1611428319.664541,283,306,310,408,171,196,202,218,209
1611428319.675339,283,309,312,410,174,198,203,219,210
1611428319.685267,285,309,312,408,179,200,205,220,212
1611428319.694899,288,310,314,410,185,203,205,222,212
1611428319.705374,288,314,311,406,188,208,208,221,214
1611428319.714744,288,312,313,408,190,210,209,222,216
1611428319.724805,290,311,315,410,197,213,211,224,216
1611428319.735035,296,316,317,416,205,214,213,226,218
1611428319.745096,299,317,317,416,208,215,214,228,220
1611428319.755023,304,318,317,416,210,220,218,228,222
1611428319.764883,306,317,322,417,213,223,221,229,224
1611428319.775029,306,320,325,421,216,226,222,231,226
1611428319.785041,310,322,328,421,222,230,221,234,230
1611428319.794731,318,323,330,426,225,230,223,234,232
1611428319.805443,321,325,330,429,229,232,225,236,233
1611428319.815046,322,326,336,433,229,234,227,237,234
1611428319.825059,325,328,336,432,230,234,227,238,235
1611428319.835164,328,328,336,434,232,236,229,241,237
1611428319.844999,331,332,340,437,237,235,230,241,238
1611428319.855331,336,329,341,439,237,241,233,241,238
1611428319.864956,333,331,342,442,239,242,233,238,240
1611428319.87504,337,333,338,440,241,242,233,242,239
1611428319.885162,336,333,344,442,243,243,229,242,241
1611428319.895004,338,330,341,442,244,242,229,242,241
1611428319.904791,340,333,344,434,241,243,234,243,243
1611428319.915109,337,333,344,441,243,244,234,244,237
1611428319.92537,331,333,342,442,244,243,229,242,241
1611428319.934968,338,332,338,440,242,244,234,243,242
1611428319.945156,336,331,340,438,242,244,234,242,242
1611428319.955223,336,333,341,434,241,242,235,242,242
1611428319.965057,336,330,341,445,243,243,234,242,242
1611428319.975306,338,333,346,443,238,243,234,242,244
1611428319.98481,337,331,342,438,241,244,235,242,239
1611428319.994747,336,336,345,442,244,241,229,243,241
1611428320.005179,336,331,342,437,242,244,230,242,242
1611428320.015567,337,336,345,445,240,239,233,242,241
1611428320.025474,337,333,341,445,242,242,229,242,240
1611428320.035305,338,336,342,443,244,238,233,244,239
1611428320.04506,341,330,345,445,243,244,234,241,239
1611428320.054839,336,333,344,446,242,240,230,242,242
1611428320.06465,337,336,346,443,243,243,228,242,241
1611428320.074573,338,336,344,443,243,245,234,241,239
1611428320.08494,339,333,344,443,244,242,234,244,238
1611428320.094672,341,330,341,444,242,244,235,242,238
1611428320.104717,339,336,337,445,242,243,234,242,242
1611428320.115211,336,332,344,442,243,244,228,242,241
1611428320.125057,337,333,344,443,244,244,228,243,241
1611428320.13492,338,333,342,445,243,244,234,240,242
1611428320.145023,338,333,343,442,243,244,234,244,239
1611428320.155506,331,330,342,442,242,244,234,241,240
1611428320.165031,337,333,344,440,244,240,229,243,242
1611428320.175209,336,333,342,443,242,244,234,242,239
1611428320.185043,337,333,341,442,244,242,234,238,239
1611428320.195096,336,324,340,440,242,244,235,243,238
1611428320.205309,336,330,341,436,241,244,234,242,243
1611428320.214995,336,333,342,434,242,242,234,243,242
1611428320.224975,336,326,340,440,242,244,234,241,240
1611428320.235012,336,331,342,438,244,244,229,242,242
1611428320.245436,336,330,341,440,242,244,234,241,241
1611428320.254951,336,328,341,440,237,241,234,243,241
1611428320.265298,331,331,341,442,241,241,233,243,242
1611428320.275168,336,325,340,442,241,244,234,242,238
1611428320.285099,337,331,336,438,241,243,235,243,242
1611428320.294787,336,330,342,438,242,240,234,242,243
1611428320.304964,336,329,338,440,242,244,235,242,239
1611428320.315123,336,331,337,438,242,244,233,243,240
1611428320.324845,336,330,341,442,243,240,230,242,242
1611428320.335107,329,331,341,441,244,244,233,241,240
1611428320.345058,336,330,341,434,241,244,234,242,243
1611428320.354653,338,331,338,441,242,242,234,239,237
1611428320.364892,331,333,340,440,243,244,234,242,242
1611428320.374945,336,325,338,438,244,242,234,243,237
1611428320.38509,336,330,341,438,242,242,229,241,242
1611428320.394837,333,331,340,440,242,244,234,239,242
1611428320.405196,336,331,341,440,242,240,232,243,242
1611428320.414874,337,330,341,440,242,244,232,241,242
1611428320.425131,333,328,340,440,244,243,234,243,241
1611428320.434951,336,331,336,436,242,244,232,244,243
1611428320.444811,336,325,341,442,243,244,234,242,242
1611428320.455447,336,331,341,442,242,242,234,244,242
1611428320.464863,337,328,336,434,238,238,228,238,238
1611428320.474819,336,330,336,438,244,245,233,244,238
1611428320.484809,336,328,341,437,242,242,234,244,242
1611428320.495523,330,330,341,437,242,244,229,244,242
1611428320.505113,337,330,339,439,244,245,235,244,242
1611428320.515123,333,331,341,438,242,243,234,242,242
1611428320.525108,336,331,341,442,242,242,235,241,238
1611428320.535102,336,331,342,432,242,244,234,244,241
1611428320.545077,336,331,340,442,244,244,234,244,242
1611428320.554638,336,328,340,440,242,242,234,242,242
1611428320.565262,336,330,341,438,242,243,234,243,241
1611428320.574787,330,330,341,438,242,244,233,242,242
1611428320.585073,336,330,344,445,241,245,235,242,242
1611428320.595447,338,333,344,445,242,244,229,242,241
1611428320.605026,332,336,338,445,237,238,234,244,242
1611428320.614951,336,333,346,442,242,244,229,244,240
1611428320.624891,338,333,338,437,244,244,234,242,242
1611428320.63511,333,330,341,445,243,244,234,241,242
1611428320.645102,337,331,341,445,243,244,234,242,242
1611428320.654821,331,328,340,442,242,245,234,239,242
1611428320.664936,337,333,341,442,242,244,234,242,243
1611428320.67516,336,331,344,446,243,238,233,242,241
1611428320.685498,336,330,340,441,242,244,230,242,239
1611428320.694981,336,330,336,438,244,244,235,242,242
1611428320.704864,328,331,341,442,244,243,229,242,241
1611428320.715389,337,330,340,442,244,242,228,242,242
1611428320.725322,336,330,341,438,243,238,232,242,242
1611428320.735107,336,330,341,441,243,238,232,242,243
1611428320.745207,336,328,341,438,244,244,234,243,239
1611428320.755211,336,330,333,438,242,242,234,242,242
1611428320.765201,336,328,340,438,242,244,235,237,242
1611428320.774889,333,330,336,438,237,242,234,242,242
1611428320.785157,336,331,338,441,242,244,234,243,243
1611428320.794996,333,331,341,438,244,238,232,243,242
1611428320.805179,336,330,340,442,242,240,229,242,241
1611428320.814765,333,330,341,440,241,240,234,242,242
1611428320.824693,336,330,341,438,238,242,229,242,243
1611428320.834941,336,330,336,437,243,242,234,244,238
1611428320.844725,333,330,341,433,241,244,235,242,242
1611428320.854761,336,330,338,437,243,242,229,242,241
1611428320.864953,333,330,340,433,243,243,234,244,242
1611428320.875437,336,330,333,438,242,242,234,243,242
1611428320.885013,337,330,333,437,242,244,234,244,242
1611428320.895164,332,330,340,440,244,241,230,242,241
1611428320.904847,336,328,341,441,239,243,234,242,242
1611428320.914804,336,330,341,442,242,244,234,239,242
1611428320.925017,333,331,341,437,240,242,234,243,242
1611428320.935312,331,331,338,438,242,244,234,242,237
1611428320.945112,333,325,340,440,242,244,235,243,238
1611428320.955299,331,328,340,438,243,242,233,244,237
1611428320.965137,336,330,341,430,242,244,234,243,237
1611428320.974937,329,331,341,434,241,241,234,243,241
1611428320.984916,336,327,340,440,242,245,234,238,242
1611428320.994712,329,328,336,438,242,243,235,242,238
1611428321.004954,330,330,341,437,243,239,234,244,241
1611428321.01484,336,325,340,440,238,242,235,242,243
1611428321.024911,333,330,341,438,238,243,234,244,242
1611428321.03498,333,330,337,438,242,242,235,242,242
1611428321.044975,336,330,336,437,242,244,234,242,243
1611428321.055249,336,331,341,442,244,242,234,239,239
1611428321.065077,331,328,341,439,244,243,229,242,241
1611428321.074805,336,331,336,442,242,243,234,242,237
1611428321.084814,336,330,341,442,237,241,234,242,242
1611428321.095301,340,333,341,442,242,239,232,241,242
1611428321.105013,336,330,342,445,242,239,235,238,241
1611428321.115055,337,330,341,442,237,242,234,242,242
1611428321.124868,336,331,338,437,242,242,234,244,241
1611428321.134796,330,330,341,440,243,242,228,242,241
1611428321.144828,336,331,341,440,242,239,232,241,242
1611428321.155035,333,330,341,441,242,239,230,241,242
1611428321.164962,336,330,341,439,244,244,233,238,241
1611428321.174926,336,330,336,438,242,244,234,242,242
1611428321.185093,336,331,341,439,244,242,229,243,240
1611428321.195123,336,331,342,437,241,242,233,242,242
1611428321.204755,330,330,342,442,242,245,235,239,242
1611428321.214618,333,330,340,440,244,242,234,239,239
1611428321.224717,336,329,340,440,242,244,234,239,242
1611428321.235203,336,331,338,437,241,242,234,242,241
1611428321.245371,336,330,341,440,242,240,235,242,239
1611428321.255187,328,331,336,437,243,244,234,244,242
1611428321.264996,336,333,342,438,242,244,234,242,239
1611428321.27511,338,331,344,442,236,242,234,242,242
1611428321.284836,336,330,340,442,243,242,229,242,241
1611428321.295185,328,330,338,442,237,241,235,242,242
1611428321.30495,336,333,336,439,242,245,234,243,242
1611428321.315057,336,334,344,442,244,238,231,244,242
1611428321.325175,336,328,341,434,242,244,234,243,242
1611428321.335053,336,328,338,443,242,243,234,242,237
1611428321.344893,336,330,336,440,241,243,234,242,242
1611428321.354936,336,330,341,434,242,243,233,244,242
1611428321.365086,336,330,340,442,242,237,230,242,241
1611428321.375217,336,333,343,436,241,244,234,242,242
1611428321.385173,333,332,336,440,242,242,234,243,242
1611428321.395005,337,336,343,437,242,244,234,244,241
1611428321.405111,340,333,342,445,243,242,234,240,240
1611428321.415193,336,336,342,443,244,242,229,242,242
1611428321.425174,338,331,340,442,242,243,235,244,238
1611428321.435228,338,333,341,446,242,244,234,241,241
1611428321.44521,338,333,342,438,242,243,235,243,242
1611428321.455088,340,333,344,442,237,242,234,242,242
1611428321.465151,337,330,344,444,244,241,229,242,242
1611428321.475005,338,331,344,445,242,244,235,237,241
1611428321.484762,340,336,344,443,244,239,230,242,242
1611428321.495204,338,331,344,445,242,238,232,241,242
1611428321.505086,339,336,344,443,242,244,234,238,242
1611428321.515378,340,333,345,443,239,242,234,242,243
1611428321.525203,337,336,338,445,244,242,234,244,242
1611428321.53513,338,333,346,446,242,244,230,241,242
1611428321.545288,336,336,344,445,244,242,234,241,240
1611428321.555201,338,336,346,445,237,243,234,244,237
1611428321.565305,341,336,346,445,239,242,235,242,242
1611428321.575128,337,336,344,445,242,244,234,242,237
1611428321.585104,340,336,346,445,242,244,229,241,242
1611428321.594877,340,336,340,445,242,244,234,242,243
1611428321.60492,341,336,347,446,242,241,233,242,242
1611428321.614952,339,336,346,448,237,242,234,242,243
1611428321.624769,340,336,346,448,242,242,229,242,242
1611428321.634883,341,333,346,445,242,244,234,239,240
1611428321.644662,341,336,346,446,238,242,234,243,242
1611428321.655186,338,336,346,445,243,238,230,242,242
1611428321.665178,338,333,342,442,241,243,235,241,242
1611428321.675367,338,331,343,445,243,243,234,239,240
1611428321.684813,337,336,344,446,238,242,233,244,242
1611428321.695577,341,336,344,442,244,242,229,242,241
1611428321.704912,336,336,344,440,242,242,234,244,242
1611428321.714863,338,336,346,446,244,239,232,243,242
1611428321.724881,340,336,342,445,243,243,231,241,241
1611428321.734647,338,333,341,442,241,243,235,242,242
1611428321.744761,340,330,341,445,242,244,234,242,242
1611428321.754979,340,336,344,445,244,243,232,241,241
1611428321.765028,338,336,345,442,241,243,234,243,242
1611428321.774796,340,336,345,445,243,238,233,242,242
1611428321.785391,341,336,340,445,242,243,235,242,242
1611428321.794928,338,336,344,440,241,242,234,244,241
1611428321.804803,331,336,338,441,241,243,235,242,242
1611428321.815043,330,333,345,437,242,244,234,242,242
1611428321.825324,338,336,345,443,242,242,234,238,242
1611428321.836026,336,332,336,440,243,242,234,244,241
1611428321.84526,336,333,342,434,242,243,233,243,242
1611428321.855188,338,330,342,442,244,238,230,244,241
1611428321.865148,336,331,341,442,242,242,234,244,242
1611428321.874683,340,331,342,438,243,244,233,242,239
1611428321.884964,338,333,344,438,242,244,234,242,242
1611428321.894913,336,333,336,442,242,242,235,243,242
1611428321.905151,336,330,341,442,244,243,234,242,239
1611428321.915099,336,330,342,445,239,240,233,244,242
1611428321.925239,338,330,338,442,241,238,230,243,242
1611428321.934809,333,330,341,445,242,244,235,241,240
1611428321.945093,333,331,340,438,242,244,234,242,242
1611428321.955055,336,333,342,434,243,242,234,243,242
1611428321.96503,333,336,344,442,242,245,234,242,240
1611428321.974521,338,330,341,441,244,244,234,245,242
1611428321.984852,338,330,338,442,243,244,234,242,243
1611428321.994971,336,333,341,442,243,242,229,242,240
1611428322.005159,338,331,336,442,242,243,235,244,240
1611428322.015221,336,333,343,434,242,242,234,244,242
1611428322.025113,338,333,344,442,241,242,234,243,242
1611428322.034851,338,328,344,440,242,245,234,242,238
1611428322.045443,336,331,340,442,243,237,232,242,241
1611428322.055106,337,333,341,440,243,242,229,242,241
1611428322.064905,336,326,341,440,242,244,234,242,239
1611428322.075038,338,327,341,440,243,244,234,242,241
1611428322.085148,337,330,343,443,242,244,235,238,241
1611428322.09531,337,331,344,442,242,244,229,241,242
1611428322.105152,336,333,344,442,244,244,230,242,242
1611428322.114906,337,333,340,440,242,243,235,242,237
1611428322.125039,337,331,342,440,244,239,230,243,241
1611428322.135327,338,333,341,442,244,242,234,240,239
1611428322.145157,336,333,342,437,241,243,234,242,242
1611428322.155004,331,330,341,445,243,244,235,238,241
1611428322.164766,336,331,342,442,242,239,234,242,242
1611428322.17502,337,336,342,432,242,243,234,244,242
1611428322.184934,336,330,338,442,242,244,234,239,242
1611428322.194966,337,333,344,438,241,244,235,242,243
1611428322.204757,344,333,342,454,242,245,234,244,242
1611428322.214814,341,344,341,445,242,243,234,244,242
1611428322.225309,341,336,360,445,244,244,228,242,242
1611428322.234935,340,329,343,442,244,244,234,244,237
1611428322.244828,338,333,343,443,242,244,234,243,243
1611428322.255138,336,333,336,438,244,243,234,244,242
1611428322.265079,329,331,344,444,237,242,235,242,243
1611428322.275321,333,330,342,442,243,243,234,244,238
1611428322.285394,337,331,341,439,238,241,234,242,242
1611428322.294977,333,325,341,436,241,242,234,242,242
1611428322.305457,337,330,340,440,244,243,234,243,239
1611428322.315136,337,332,340,432,242,242,234,242,242
1611428322.325005,326,330,342,441,243,243,234,239,239
1611428322.335046,337,330,341,438,244,244,228,242,242
1611428322.345284,336,329,340,437,244,242,234,244,238
1611428322.35501,336,330,341,432,242,244,234,244,242
1611428322.364838,336,330,336,436,243,244,234,244,242
1611428322.374773,336,330,340,437,243,244,234,244,237
1611428322.385071,337,333,342,442,242,244,235,237,242
1611428322.395153,333,333,341,440,244,243,230,242,241
1611428322.404664,330,330,341,440,243,244,234,239,242
1611428322.414967,330,329,342,440,242,244,234,238,241
1611428322.425012,328,331,341,442,244,243,233,239,240
1611428322.434931,337,331,336,438,242,244,234,244,242
1611428322.44483,336,336,336,440,243,243,234,243,242
1611428322.455098,336,332,342,443,244,243,230,242,241
1611428322.464946,338,336,341,440,243,244,234,242,239
1611428322.475104,342,336,344,445,242,244,235,243,242
1611428322.484891,341,336,346,439,242,243,234,243,242
1611428322.494828,338,336,346,448,244,242,230,242,241
1611428322.505183,342,336,340,448,241,244,234,241,242
1611428322.515375,336,330,344,441,242,242,234,238,240
1611428322.525231,333,333,342,438,242,242,234,243,242
1611428322.535181,337,336,347,458,239,242,234,243,242
1611428322.545087,348,341,358,464,242,245,234,239,240
1611428322.555248,343,349,355,464,242,242,235,242,237
1611428322.565532,352,346,360,464,242,239,232,242,242
1611428322.575225,352,349,358,464,244,238,233,242,241
1611428322.58481,349,346,357,458,244,244,234,238,242
1611428322.595205,349,346,357,458,242,244,234,240,240
1611428322.605602,348,343,354,464,243,242,234,244,238
1611428322.615009,353,340,357,461,242,244,235,242,238
1611428322.624953,352,344,354,459,244,243,234,244,242
1611428322.634831,349,342,357,464,242,240,234,241,243
1611428322.645104,346,352,354,459,243,244,233,243,242
1611428322.655121,353,346,360,464,244,244,234,243,239
1611428322.665017,352,347,356,458,241,242,234,244,237
1611428322.67487,349,343,353,445,243,244,234,242,237
1611428322.684932,342,340,352,450,242,244,234,241,242
1611428322.694875,341,337,346,446,239,242,234,242,242
1611428322.705046,341,336,345,443,243,244,234,238,241
1611428322.714841,339,336,340,443,243,244,234,243,242
1611428322.724931,341,333,344,446,244,244,228,242,241
1611428322.735015,337,336,344,445,241,243,235,242,242
1611428322.74501,336,336,347,445,243,245,234,241,241
1611428322.754965,340,336,346,448,238,242,234,242,242
1611428322.765712,341,336,341,448,241,242,234,243,241
1611428322.77524,341,330,346,446,242,244,234,242,242
1611428322.785103,341,336,344,448,243,243,234,238,241
1611428322.795224,342,336,349,445,242,239,233,242,242
1611428322.805163,333,336,342,445,243,245,234,243,242
1611428322.815064,341,336,342,446,242,239,230,241,242
1611428322.82573,341,336,346,447,243,241,229,242,241
1611428322.835059,342,336,340,445,242,244,234,243,243
1611428322.845365,338,336,346,446,243,238,233,242,242
1611428322.855227,340,336,346,446,242,244,234,238,241
1611428322.865295,341,336,341,445,243,243,234,244,241
1611428322.875089,338,336,346,445,244,238,231,242,242
1611428322.884714,333,336,346,445,239,242,235,242,242
1611428322.894891,340,336,340,446,242,242,234,243,242
1611428322.90475,338,336,341,446,243,244,235,243,243
1611428322.91472,341,336,349,449,237,242,234,242,243
1611428322.925342,340,336,346,448,242,244,235,242,240
1611428322.935004,341,337,346,449,243,243,234,241,241
1611428322.944897,341,333,346,445,241,244,235,242,242
1611428322.955154,341,336,344,445,243,244,229,242,241
1611428322.96501,341,337,340,445,243,242,234,244,242
1611428322.974794,340,336,346,446,242,244,234,239,241
1611428322.985203,340,336,344,446,239,244,234,242,238
1611428322.995449,340,332,346,442,242,244,234,242,242
1611428323.005045,337,336,347,450,243,242,230,241,242
1611428323.014928,342,336,343,448,242,245,232,240,243
1611428323.025078,336,328,340,442,242,240,235,241,242
1611428323.035059,338,333,346,445,244,244,233,239,242
1611428323.045244,341,338,346,445,238,242,233,244,242
1611428323.055292,340,337,346,448,243,237,232,242,241
1611428323.065277,341,336,347,448,239,242,234,243,239
1611428323.075352,342,336,346,442,245,243,234,243,238
1611428323.084847,340,331,346,450,242,245,235,242,240
1611428323.095032,341,336,347,446,240,241,234,243,242
1611428323.104893,340,336,346,445,243,244,234,239,241
1611428323.114799,338,336,346,448,242,244,230,241,241
1611428323.125133,336,331,344,445,242,245,234,243,242
1611428323.135305,341,333,346,445,241,242,233,243,242
1611428323.145083,341,338,347,449,243,244,234,238,238
1611428323.155246,341,337,347,450,242,243,234,240,240
1611428323.165089,336,336,346,448,241,239,234,242,242
1611428323.175126,340,337,342,448,243,243,234,244,242
1611428323.185265,341,336,347,450,237,242,235,242,242
1611428323.194952,346,342,350,446,241,244,235,242,242
1611428323.204719,340,337,346,449,244,244,234,240,242
1611428323.214701,341,333,344,450,242,244,235,244,237
1611428323.224921,341,338,344,449,242,244,235,242,239
1611428323.235031,344,336,347,449,243,245,229,241,242
1611428323.244828,336,338,346,450,244,239,230,243,242
1611428323.254703,344,341,344,450,242,244,235,239,241
1611428323.265155,342,341,341,447,241,244,234,242,242
1611428323.275272,337,337,347,445,241,242,234,244,241
1611428323.284953,336,337,346,447,244,243,234,240,239
1611428323.29465,344,336,347,449,242,244,232,241,242
1611428323.305156,344,340,349,448,242,244,235,242,243
1611428323.315519,341,336,346,449,244,237,232,242,241
1611428323.325279,336,338,341,445,242,243,234,243,242
1611428323.335128,336,336,346,448,243,244,234,242,237
1611428323.345192,344,336,346,448,242,244,234,238,241
1611428323.355,342,338,349,450,244,238,232,243,242
1611428323.364921,344,338,346,449,244,242,230,241,240
1611428323.375117,341,336,346,449,242,244,234,242,239
1611428323.384881,341,343,350,448,242,241,234,242,242
1611428323.394986,341,338,341,446,241,239,234,243,242
1611428323.405118,341,336,347,442,242,243,234,244,242
1611428323.415312,336,336,340,446,242,243,234,244,241
1611428323.424946,341,333,344,446,242,244,234,243,242
1611428323.435245,341,336,341,448,242,244,235,242,242
1611428323.44538,342,338,346,448,237,242,235,242,242
1611428323.455146,341,336,346,446,244,242,234,239,242
1611428323.46549,341,330,349,448,243,245,233,240,242
1611428323.475576,342,337,347,443,241,243,234,243,242
1611428323.485049,344,336,347,445,239,242,234,242,242
1611428323.495267,340,336,347,442,241,244,234,242,243
1611428323.505188,342,338,349,442,242,242,234,244,242
1611428323.514904,336,333,344,445,242,245,235,243,241
1611428323.525122,341,336,346,448,241,240,233,244,242
1611428323.535442,336,336,346,450,242,242,234,242,237
1611428323.545065,341,338,348,449,243,243,228,242,241
1611428323.554876,344,336,342,446,242,245,234,242,243
1611428323.565384,343,338,349,442,242,242,233,244,242
1611428323.575176,345,341,346,448,242,243,234,244,239
1611428323.58474,346,338,352,453,242,239,234,242,243
1611428323.595106,343,333,348,450,242,244,235,242,239
1611428323.605224,343,338,349,448,240,242,235,242,242
1611428323.615013,340,340,346,453,242,242,234,239,241
1611428323.625548,342,338,349,453,242,240,233,241,242
1611428323.634941,343,340,349,445,241,243,234,243,244
1611428323.644698,341,338,349,447,244,243,228,242,242
1611428323.655151,342,333,346,445,242,243,234,238,240
1611428323.664994,340,333,346,446,242,244,235,240,240
1611428323.675134,340,336,346,444,243,244,234,240,241
1611428323.685456,340,336,345,447,243,243,234,241,241
1611428323.694998,336,337,347,446,242,242,234,243,242
1611428323.705081,344,338,346,452,239,242,234,243,242
1611428323.715037,338,337,341,449,244,238,232,243,242
1611428323.724812,344,340,347,449,241,241,233,243,241
1611428323.735387,341,337,349,449,241,239,234,242,242
1611428323.744985,338,336,346,448,242,242,229,242,242
1611428323.755004,341,336,346,447,242,243,234,240,242
1611428323.765305,341,336,346,442,241,243,235,243,242
1611428323.774973,342,336,346,443,240,243,235,242,242
1611428323.784818,342,336,346,445,242,245,233,238,241
1611428323.795144,341,337,346,448,239,241,232,244,241
1611428323.805328,341,338,347,447,242,243,234,238,240
1611428323.814933,341,336,342,445,242,244,235,242,242
1611428323.824988,341,336,340,445,243,243,234,244,241
1611428323.834863,342,331,342,445,243,243,234,244,242
1611428323.845095,341,338,346,448,240,242,234,244,241
1611428323.854752,341,336,342,446,242,244,234,243,242
1611428323.86508,341,336,346,445,242,244,234,242,237
1611428323.875144,342,336,344,448,244,242,229,242,242
1611428323.885371,341,338,342,445,242,245,234,244,242
1611428323.895124,338,331,346,442,242,241,229,242,240
1611428323.906001,336,336,344,445,244,242,234,240,239
1611428323.915214,336,336,337,445,242,242,234,243,242
1611428323.925147,341,337,346,448,243,242,233,241,241
1611428323.935132,341,338,345,445,241,244,234,242,242
1611428323.945366,341,336,346,446,242,244,234,240,240
1611428323.955002,341,338,346,448,244,242,232,241,241
1611428323.965012,341,337,347,448,244,242,234,239,239
1611428323.975234,342,338,341,445,242,243,235,242,242
1611428323.985029,341,333,346,445,239,242,234,242,242
1611428323.995387,337,337,347,446,242,244,234,237,241
1611428324.005153,341,338,346,448,237,241,234,242,239
1611428324.015154,341,338,346,446,241,243,233,238,239
1611428324.025193,341,338,346,449,241,240,229,242,239
1611428324.035273,336,331,349,443,240,241,232,239,240
1611428324.044865,338,337,343,445,240,235,229,241,240
1611428324.05488,336,336,344,437,237,239,230,242,237
1611428324.065101,328,333,342,437,233,238,230,237,236
1611428324.075004,325,331,337,432,229,232,226,237,234
1611428324.0852,320,325,331,429,226,230,225,233,229
1611428324.094899,315,326,330,424,221,229,221,233,226
1611428324.105815,306,322,325,416,212,226,219,230,224
1611428324.115672,298,320,320,410,205,219,218,227,219
1611428324.125023,294,316,314,409,198,213,215,226,215
1611428324.135045,289,310,314,400,195,208,210,221,213
1611428324.145125,282,310,309,392,189,205,206,218,210
1611428324.15503,277,308,305,385,183,202,202,217,208
1611428324.164903,272,306,298,384,179,198,201,215,203
1611428324.174946,267,304,294,357,176,194,199,213,201
1611428324.185156,258,304,289,301,174,191,197,213,198
1611428324.195015,241,301,282,244,171,187,194,212,195
1611428324.205021,206,301,277,209,169,186,192,211,193
1611428324.215189,179,298,269,200,157,184,191,208,191
1611428324.224872,146,290,237,196,145,182,190,206,188
1611428324.234861,116,288,199,193,131,182,187,205,184
1611428324.245115,101,282,165,193,122,180,186,203,180
1611428324.255076,97,280,133,198,114,178,185,200,174
1611428324.265157,93,277,111,198,106,178,184,200,165
1611428324.275104,93,277,97,206,98,176,182,199,154
1611428324.284979,92,274,91,220,91,176,182,198,147
1611428324.29522,88,272,83,234,82,175,182,197,136
1611428324.305337,87,272,77,261,77,174,182,197,123
1611428324.315406,86,270,71,296,72,173,182,197,106
1611428324.324978,85,274,80,341,68,171,181,197,78
1611428324.334893,82,283,197,358,62,168,182,196,59
1611428324.344742,89,298,285,373,60,153,183,194,40
1611428324.355129,139,302,301,386,54,102,184,197,50
1611428324.365573,216,306,309,390,47,45,182,205,173
1611428324.375113,250,309,310,397,47,40,182,210,191
1611428324.384755,263,309,312,400,54,115,184,213,200
1611428324.394975,274,310,314,400,81,164,187,213,203
1611428324.405118,277,310,314,395,112,175,189,214,206
1611428324.415161,277,310,309,397,140,181,190,215,206
1611428324.425192,280,309,314,403,159,185,191,214,206
1611428324.434968,283,314,314,400,168,187,190,215,208
1611428324.44478,280,310,315,400,171,189,193,214,210
1611428324.454915,283,311,314,400,174,193,194,216,209
1611428324.465007,284,312,317,400,176,193,193,217,210
1611428324.474971,288,312,318,400,177,194,194,215,210
1611428324.485159,288,312,317,400,180,194,194,217,210
1611428324.495365,288,312,317,400,181,194,194,216,210
1611428324.505042,288,312,323,421,181,194,196,216,211
1611428324.514832,301,325,331,416,181,193,194,217,210
1611428324.524836,301,321,329,416,181,195,196,217,210
1611428324.535102,298,320,325,421,180,194,197,216,209
1611428324.544999,299,322,325,421,180,194,197,218,209
1611428324.554751,301,319,322,416,178,195,199,215,210
1611428324.564949,297,317,320,418,177,195,200,218,209
1611428324.574646,298,317,320,421,175,195,200,218,210
1611428324.584771,294,317,317,423,176,198,202,218,209
1611428324.595005,294,320,321,418,178,200,202,219,211
1611428324.605013,296,320,321,417,181,203,205,220,212
1611428324.614915,293,318,326,419,186,208,206,221,214
1611428324.625172,298,328,328,421,190,210,206,222,215
1611428324.634818,301,326,328,424,197,210,208,222,217
1611428324.644907,307,333,330,431,202,213,212,226,218
1611428324.654864,315,321,321,416,205,215,214,229,220
1611428324.665177,306,323,326,418,209,221,219,229,222
1611428324.674762,309,328,329,424,213,225,219,232,225
1611428324.684893,314,330,330,424,220,229,222,235,229
1611428324.694796,320,329,336,426,225,230,222,236,232
1611428324.705021,322,328,340,436,229,231,226,237,231
1611428324.715389,329,331,336,437,232,234,228,235,234
1611428324.725218,330,336,340,438,233,238,231,240,237
1611428324.734961,336,333,344,439,237,238,232,241,239
1611428324.744852,337,336,344,445,237,239,229,240,240
1611428324.755211,340,336,346,438,238,241,234,242,240
1611428324.764861,337,336,346,446,242,243,234,238,242
1611428324.774522,337,336,347,445,242,243,229,240,241
1611428324.78495,333,336,344,443,241,243,234,242,242
1611428324.794977,341,336,346,445,243,243,227,242,241
1611428324.805159,342,336,348,438,241,243,234,242,242
1611428324.815108,341,336,349,438,240,243,234,242,242
1611428324.824976,343,331,346,442,242,238,234,242,237
1611428324.836413,337,333,346,445,242,244,234,242,237
1611428324.844978,336,336,345,445,243,243,234,238,239
1611428324.855,339,336,342,448,242,242,234,239,238
1611428324.865205,336,336,341,443,241,244,234,242,243
1611428324.875195,340,336,346,445,242,242,231,241,240
1611428324.885616,341,336,344,440,242,242,233,243,240
1611428324.895119,340,336,346,445,241,244,234,242,237
1611428324.905351,341,336,338,443,242,243,234,238,242
1611428324.915243,341,336,347,442,239,242,234,242,242
1611428324.925435,341,336,344,448,241,243,233,243,241
1611428324.93487,343,336,346,442,238,241,233,243,242
1611428324.945407,338,336,346,445,242,242,229,242,242
1611428324.954883,338,336,342,443,242,243,234,242,238
1611428324.964851,341,336,346,445,242,238,232,241,242
1611428324.974898,333,330,346,437,241,244,234,242,242
1611428324.985069,336,336,346,443,242,244,234,238,240
1611428324.995131,339,336,343,445,243,242,233,239,240
1611428325.005312,340,336,340,442,242,242,232,244,242
1611428325.014826,341,336,342,443,242,242,234,242,237
1611428325.024919,341,336,344,446,239,239,234,242,241
1611428325.03486,337,336,346,442,242,242,234,239,241
1611428325.045274,342,336,347,438,240,243,235,242,241
1611428325.054902,338,336,346,445,242,243,234,241,242
1611428325.064961,341,337,346,445,238,241,234,242,241
1611428325.075074,342,338,345,443,242,242,233,243,238
1611428325.084839,341,336,346,443,243,244,230,240,242
1611428325.094937,343,338,346,440,241,242,234,242,242
1611428325.105295,342,336,348,443,242,243,234,243,239
1611428325.114793,341,337,342,442,242,244,234,242,242
1611428325.124931,340,336,346,443,244,242,228,242,241
1611428325.134847,341,336,346,443,243,238,232,242,241
1611428325.145156,341,336,346,442,242,242,234,243,241
1611428325.155285,338,336,344,443,244,242,230,241,241
1611428325.165383,340,333,346,445,242,244,229,241,242
1611428325.175062,340,336,346,447,242,243,229,241,242
1611428325.185102,340,336,340,442,241,243,235,242,242
1611428325.195103,342,330,346,448,239,241,234,243,241
1611428325.205188,338,336,341,445,241,242,233,244,241
1611428325.215438,333,336,346,445,244,243,233,239,240
1611428325.22478,341,337,347,448,238,239,234,242,241
1611428325.235185,338,336,341,443,242,244,234,242,242
1611428325.245101,336,331,346,448,242,244,234,242,238
1611428325.25483,337,336,344,445,237,240,234,242,242
1611428325.265238,336,336,347,445,237,242,234,242,242
1611428325.275127,340,337,342,442,242,242,233,242,237
1611428325.284944,341,336,344,445,243,238,229,242,241
1611428325.29503,338,336,346,446,242,242,229,241,242
1611428325.304998,337,336,346,445,236,242,234,241,242
1611428325.315347,343,336,347,439,242,242,233,244,241
1611428325.325264,341,336,344,445,243,243,234,242,238
1611428325.335163,341,336,346,437,239,242,234,242,242
1611428325.345146,341,336,346,445,243,242,228,241,242
1611428325.354983,333,336,345,446,243,242,233,241,240
1611428325.364687,341,332,346,448,242,244,234,241,239
1611428325.374861,341,336,341,443,243,244,233,243,242
1611428325.384941,338,337,346,442,241,241,234,243,242
1611428325.39499,338,330,342,445,242,243,229,242,242
1611428325.405036,337,336,346,445,242,237,232,242,241
1611428325.414923,340,336,346,445,241,243,229,239,242
1611428325.425354,340,337,346,443,238,242,234,242,242
1611428325.435164,341,331,344,445,242,242,234,242,238
1611428325.444792,342,330,342,445,242,242,234,243,237
1611428325.454766,338,336,349,445,242,238,230,241,242
1611428325.465291,338,336,346,442,241,242,234,243,241
1611428325.475175,336,338,346,442,238,242,234,242,242
1611428325.484831,338,336,346,440,242,243,234,243,241
1611428325.495061,339,338,346,443,239,242,233,244,242
1611428325.504882,340,336,344,443,243,241,229,242,241
1611428325.515483,338,336,346,445,237,242,234,242,242
1611428325.525164,338,329,344,443,241,242,234,242,237
1611428325.535152,338,333,342,445,242,242,234,241,238
1611428325.545399,338,331,342,445,241,243,234,242,239
1611428325.555138,338,336,346,442,241,242,234,241,242
1611428325.565456,341,336,346,445,241,237,232,241,242
1611428325.575449,338,336,344,445,242,242,233,242,237
1611428325.58506,336,336,341,442,242,242,233,243,242
1611428325.594896,341,336,343,442,242,242,234,238,239
1611428325.605133,338,336,340,442,242,242,234,244,241
1611428325.614824,336,336,344,445,242,242,234,239,240
1611428325.625022,338,329,343,445,242,242,234,242,237
1611428325.634986,340,336,345,438,241,242,233,244,241
1611428325.644614,341,337,340,445,243,242,234,243,241
1611428325.654791,342,337,346,447,242,242,234,238,239
1611428325.665625,341,338,346,444,242,237,230,242,242
1611428325.67505,337,336,346,446,237,241,234,239,239
1611428325.684686,341,336,338,445,241,244,234,242,242
1611428325.695034,341,336,344,439,242,237,235,238,242
1611428325.705016,341,330,345,442,242,244,234,242,241
1611428325.714839,341,336,346,438,240,243,234,241,242
1611428325.724959,341,336,347,437,239,242,234,242,242
1611428325.73527,337,336,346,437,241,243,234,242,242
1611428325.745266,338,336,346,442,242,244,233,243,237
1611428325.755185,341,336,346,448,242,237,232,242,241
1611428325.765186,341,331,344,445,243,242,234,238,241
1611428325.774807,338,330,343,442,242,244,234,242,243
1611428325.785048,336,336,346,446,243,244,233,239,239
1611428325.795062,340,336,346,448,243,237,230,242,241
1611428325.804722,341,337,348,446,243,242,229,242,241
1611428325.81486,341,338,347,448,242,242,229,241,241
1611428325.82483,341,336,346,445,244,241,229,242,242
1611428325.834923,341,333,346,445,242,244,234,237,242
1611428325.844621,341,336,347,439,238,239,234,242,241
1611428325.855301,341,336,345,445,242,244,234,244,242
1611428325.865047,336,336,344,445,242,244,234,242,241
1611428325.874771,341,336,346,445,242,244,233,242,238
1611428325.884773,338,337,346,446,242,243,233,243,243
1611428325.89526,341,336,346,446,241,244,234,243,242
1611428325.905176,336,330,341,446,244,242,229,241,242
1611428325.915044,341,336,345,448,243,244,234,242,242
1611428325.925232,341,336,349,449,242,243,234,241,241
1611428325.935096,344,336,347,445,242,238,232,242,242
1611428325.944873,342,338,347,445,241,244,234,242,242
1611428325.955234,344,337,347,448,237,241,234,242,242
1611428325.965077,337,336,346,448,241,240,229,242,242
1611428325.975162,341,337,344,443,242,242,234,243,237
1611428325.985136,338,336,346,442,243,242,228,242,241
1611428325.995093,341,330,346,442,242,242,234,243,238
1611428326.005007,340,330,341,443,242,245,234,242,240
1611428326.014984,341,330,346,443,242,237,232,242,241
1611428326.025065,341,336,346,445,242,243,234,238,237
1611428326.034976,336,336,346,443,238,241,233,242,241
1611428326.044568,336,336,347,445,243,244,234,237,242
1611428326.055057,337,336,347,443,242,242,234,237,242
1611428326.065703,341,333,344,445,241,242,233,242,238
1611428326.075269,340,336,346,442,243,244,234,242,242
1611428326.08475,341,336,346,443,242,243,233,242,242
1611428326.095191,340,336,340,445,242,243,234,240,242
1611428326.104912,333,336,346,445,242,242,234,242,242
1611428326.114953,338,336,346,440,241,243,234,243,241
1611428326.125064,340,333,346,437,242,239,234,243,241
1611428326.135237,341,336,346,442,242,241,234,244,242
1611428326.145338,340,330,338,445,244,243,233,242,242
1611428326.155116,341,330,344,445,244,244,234,242,242
1611428326.165272,336,336,346,442,242,242,234,242,242
1611428326.17513,336,328,341,440,238,242,235,242,242
1611428326.184978,336,328,341,437,244,244,234,244,237
1611428326.194975,336,331,341,437,241,244,235,242,242
1611428326.204926,340,333,342,440,238,241,234,242,242
1611428326.215206,337,331,346,446,242,241,229,242,242
1611428326.22524,338,338,344,445,241,238,231,241,242
1611428326.234776,340,336,346,443,243,244,234,238,241
1611428326.244988,341,336,338,442,242,242,234,244,242
1611428326.254758,340,336,340,442,237,243,234,242,241
1611428326.266033,340,336,345,445,242,244,229,241,241
1611428326.275312,341,337,346,446,238,241,234,244,241
1611428326.284791,340,336,346,447,242,244,230,241,242
1611428326.295312,336,336,346,450,242,243,229,241,240
1611428326.305444,341,336,340,446,242,245,234,242,242
1611428326.315026,336,336,346,446,242,243,234,239,241
1611428326.325281,341,337,337,440,243,243,234,243,242
1611428326.335221,337,333,346,445,239,241,234,242,242
1611428326.345188,338,333,341,443,238,242,233,242,243
1611428326.354885,338,333,344,446,242,242,229,242,241
1611428326.364785,338,336,342,445,244,239,230,243,242
1611428326.374805,337,330,342,442,244,242,234,244,242
1611428326.384674,337,336,343,443,242,244,229,242,242
1611428326.395077,337,331,343,442,242,239,232,241,242
1611428326.404997,340,331,340,440,243,244,234,242,244
1611428326.414881,336,336,343,443,243,242,229,242,241
1611428326.42485,336,333,344,442,239,242,234,244,242
1611428326.434812,333,331,338,442,242,244,234,244,243
1611428326.444852,338,333,342,442,244,244,234,240,239
1611428326.45482,338,336,340,440,242,244,234,243,242
1611428326.465987,336,336,342,436,242,242,234,243,242
1611428326.474857,338,333,342,441,241,243,235,242,242
1611428326.485234,338,333,341,443,244,242,234,238,239
1611428326.494672,336,331,344,443,242,243,229,242,242
1611428326.505051,337,333,337,438,243,244,234,241,241
1611428326.515104,338,331,344,443,237,241,235,242,242
1611428326.524912,338,331,337,442,239,243,234,242,242
1611428326.535593,337,328,338,443,242,242,234,240,240
1611428326.544911,338,331,344,437,241,242,234,243,242
1611428326.554929,338,331,343,445,242,238,233,242,241
1611428326.564718,338,331,342,443,238,242,233,242,242
1611428326.574929,336,333,344,442,243,244,234,239,242
1611428326.584679,341,333,343,446,237,242,234,242,242
1611428326.594924,340,333,344,437,242,243,234,243,242
1611428326.604879,336,329,341,442,243,243,234,243,237
1611428326.615067,337,333,341,443,243,242,233,240,241
1611428326.625057,338,333,342,443,242,242,229,242,242
1611428326.634962,336,333,344,436,241,244,234,242,242
1611428326.644697,338,330,344,441,244,239,230,242,242
1611428326.65504,338,333,344,437,240,242,234,242,244
1611428326.665214,336,333,342,436,241,242,234,243,242
1611428326.674964,337,331,344,439,242,242,234,244,237
1611428326.68608,337,336,338,437,242,244,234,244,242
1611428326.694944,336,333,341,440,243,244,234,239,240
1611428326.705072,338,333,342,440,243,243,229,242,241
1611428326.715251,337,336,342,438,238,242,233,243,242
1611428326.724989,338,332,345,433,241,244,234,242,243
1611428326.73491,337,333,342,436,241,242,234,244,242
1611428326.745053,336,333,344,438,244,239,232,243,242
1611428326.755097,330,332,342,440,244,243,234,239,241
1611428326.764836,337,333,343,440,244,244,235,242,242
1611428326.775059,337,330,344,440,242,244,234,238,241
1611428326.785194,338,336,344,442,242,244,229,241,242
1611428326.795367,338,333,342,440,239,242,234,242,242
1611428326.805039,338,328,342,438,242,244,234,242,239
1611428326.814878,336,333,344,440,239,242,234,244,242
1611428326.824856,336,336,344,442,238,241,234,242,242
1611428326.834692,333,333,346,442,237,243,234,242,242
1611428326.844932,336,336,343,440,238,244,234,243,243
1611428326.855285,338,333,336,440,242,244,235,242,242
1611428326.865122,338,330,344,442,243,244,234,240,241
1611428326.875149,336,331,344,441,239,243,234,242,244
1611428326.884958,338,330,341,442,242,244,235,239,239
1611428326.895124,331,330,342,442,242,245,234,240,242
1611428326.905247,336,328,341,440,244,242,234,244,237
1611428326.914788,336,333,341,436,242,243,235,244,237
1611428326.924935,336,328,341,442,242,243,235,242,237
1611428326.934832,340,331,340,438,242,244,234,244,242
1611428326.94527,338,333,344,437,242,244,234,242,243
1611428326.955479,340,336,342,443,244,237,230,243,241
1611428326.965052,333,331,346,442,243,245,234,238,242
1611428326.97462,337,336,342,442,244,242,229,242,241
1611428326.985196,338,331,343,440,243,244,230,242,242
1611428326.99499,336,332,345,442,240,244,234,242,242
1611428327.005232,337,331,344,436,240,244,234,242,242
1611428327.015273,338,331,342,442,243,243,234,240,239
1611428327.025,338,330,342,442,242,244,235,242,241
1611428327.034806,336,331,343,442,243,244,234,243,240
1611428327.045286,338,331,343,445,238,241,234,242,242
1611428327.055491,338,333,344,444,242,244,234,240,241
1611428327.065138,338,336,342,443,243,240,230,242,237
1611428327.074761,338,331,344,442,242,242,234,243,242
1611428327.085403,336,333,344,437,242,244,235,242,242
1611428327.095188,338,333,342,440,244,244,229,241,243
1611428327.105038,338,333,342,442,240,242,234,243,238
1611428327.11514,338,333,338,440,243,244,234,244,244
1611428327.124835,340,336,336,442,242,244,235,243,243
1611428327.135286,336,333,342,443,244,242,234,240,240
1611428327.144857,340,333,346,445,243,241,230,242,243
1611428327.155084,341,338,347,448,244,242,229,242,242
1611428327.165051,336,336,346,444,244,244,230,242,242
1611428327.175014,338,333,341,448,242,243,234,243,242
1611428327.185101,341,336,345,443,242,245,229,241,242
1611428327.195056,340,336,340,443,237,244,235,241,242
1611428327.2052,338,336,344,442,240,242,234,244,242
1611428327.214848,338,328,342,442,244,244,234,243,237
1611428327.224898,338,336,346,445,242,238,232,242,242
1611428327.235058,336,336,346,445,237,242,235,242,242
1611428327.244925,342,333,344,443,243,242,234,244,238
1611428327.255124,340,336,345,437,242,243,234,243,243
1611428327.264947,336,336,345,443,244,243,229,242,241
1611428327.27492,340,327,346,441,243,244,234,238,242
1611428327.28527,341,336,346,442,238,240,234,243,241
1611428327.295301,337,331,346,442,237,242,234,242,242
1611428327.305059,341,331,342,445,242,243,235,243,238
1611428327.314823,340,336,346,442,240,243,233,243,241
1611428327.324892,341,336,346,442,240,242,235,242,242
1611428327.335347,338,336,346,437,243,245,235,242,242
1611428327.345238,341,330,346,437,240,243,234,243,242
1611428327.355128,340,336,346,442,244,239,233,242,242
1611428327.365147,340,336,344,445,244,243,234,244,237
1611428327.375116,336,336,346,442,242,244,234,239,241
1611428327.385048,341,337,338,440,241,242,234,242,242
1611428327.395001,336,336,344,443,242,237,232,242,242
1611428327.405354,341,333,342,443,243,242,234,243,237
1611428327.414955,341,336,346,445,237,241,234,242,242
1611428327.425612,342,333,344,443,243,242,234,244,237
1611428327.435164,341,336,346,437,242,242,234,243,242
1611428327.444855,337,333,346,443,242,243,229,241,242
1611428327.455094,333,330,343,438,242,238,230,242,242
1611428327.464797,340,336,343,440,241,245,235,242,242
1611428327.474829,341,336,346,445,237,242,235,242,242
1611428327.485134,341,336,347,442,237,242,234,242,242
1611428327.49494,341,333,346,440,237,242,234,241,243
1611428327.505157,340,333,342,440,243,244,234,242,242
1611428327.51511,341,336,346,442,244,242,234,243,237
1611428327.524889,337,336,346,442,243,244,229,241,241
1611428327.535399,338,337,345,439,242,245,234,242,239
1611428327.545063,341,333,344,442,243,245,234,242,241
1611428327.555218,341,337,346,444,239,242,234,243,242
1611428327.564931,342,336,347,442,243,244,234,239,242
1611428327.574716,340,336,346,443,242,244,235,242,237
1611428327.585219,342,336,349,445,242,245,229,241,242
1611428327.594807,342,329,345,442,242,245,234,242,238
1611428327.604861,338,336,345,442,237,241,234,242,242
1611428327.615174,339,336,346,442,243,244,228,241,242
1611428327.624822,340,336,346,442,242,242,229,242,241
1611428327.635182,336,336,348,442,237,243,234,242,243
1611428327.645363,331,336,344,443,243,243,234,239,240
1611428327.65505,341,336,346,441,239,244,234,242,244
1611428327.664954,340,336,341,441,241,244,234,242,243
1611428327.675029,340,336,345,445,242,243,229,242,241
1611428327.685307,341,336,346,442,237,242,234,242,242
1611428327.694814,341,336,340,445,242,242,234,244,242
1611428327.704896,341,336,344,442,244,239,233,244,241
1611428327.71515,338,337,349,443,237,242,234,243,242
1611428327.724839,333,336,346,443,243,239,233,242,242
1611428327.735013,338,336,344,438,242,242,234,243,242
1611428327.745108,341,330,341,442,243,242,234,244,237
1611428327.755179,336,336,340,440,242,242,234,244,242
1611428327.765373,339,336,342,443,242,244,234,242,241
1611428327.774946,339,330,345,437,241,242,234,243,242
1611428327.785022,333,330,344,441,243,238,230,243,242
1611428327.794807,338,336,344,443,244,244,233,239,241
1611428327.804759,338,333,344,442,242,242,229,243,241
1611428327.815547,338,330,341,437,243,243,234,239,241
1611428327.824615,331,336,342,433,242,242,234,244,242
1611428327.834878,338,330,344,437,243,244,233,240,242
1611428327.845162,332,328,341,442,242,243,235,242,242
1611428327.855052,338,330,342,442,242,242,229,242,242
1611428327.865058,332,330,344,440,242,244,235,237,241
1611428327.875075,338,332,344,440,242,239,233,241,242
1611428327.885084,337,333,342,438,242,244,235,242,242
1611428327.894828,336,326,342,442,242,238,232,242,242
1611428327.904962,340,333,346,442,240,241,234,241,242
1611428327.915262,338,336,344,442,238,242,233,243,242
1611428327.924925,338,330,344,443,242,244,235,242,239
1611428327.934901,341,336,344,442,244,242,234,242,239
1611428327.944941,341,336,347,442,244,244,228,242,242
1611428327.955073,340,336,340,442,239,241,234,242,242
1611428327.965361,338,333,346,437,242,243,234,243,241
1611428327.974551,339,333,342,442,243,243,234,239,239
1611428327.984838,340,333,346,440,242,245,229,241,242
1611428327.995088,340,330,344,434,240,244,230,242,242
1611428328.005352,337,330,341,434,241,242,234,243,241
1611428328.01519,338,330,336,437,241,243,234,242,242
1611428328.02511,336,331,342,440,244,242,228,242,241
1611428328.034812,340,331,342,442,242,244,234,242,242
1611428328.04456,338,328,342,444,242,242,229,242,241
1611428328.054637,338,333,344,440,244,244,232,241,241
1611428328.064857,341,336,342,443,243,242,234,242,242
1611428328.075651,336,331,343,442,242,241,230,241,242
1611428328.085603,336,336,346,445,241,243,234,242,238
1611428328.095085,338,333,338,440,241,244,235,242,242
1611428328.105082,338,336,337,445,242,238,231,241,242
1611428328.115149,338,330,342,443,242,243,234,242,237
1611428328.125032,337,336,344,443,243,242,234,240,240
1611428328.135097,341,334,344,445,242,238,232,242,242
1611428328.144848,340,328,346,440,242,244,234,240,242
1611428328.154698,341,330,344,442,244,242,234,243,237
1611428328.165193,341,333,344,443,242,244,232,239,242
1611428328.175131,336,333,344,443,243,239,232,242,243
1611428328.18482,338,336,340,442,241,243,234,242,242
1611428328.194764,338,333,346,442,242,244,235,238,241
1611428328.20518,341,331,346,442,240,243,235,241,242
1611428328.215078,338,336,346,445,237,241,234,242,242
1611428328.224855,336,330,338,445,242,242,234,243,241
1611428328.235214,340,336,340,443,243,243,234,242,242
1611428328.245122,340,336,341,443,242,242,234,240,239
1611428328.255327,336,336,344,442,237,242,234,242,241
1611428328.265392,340,336,340,442,242,242,234,242,241
1611428328.275202,341,328,344,442,242,244,234,242,237
1611428328.285168,341,336,341,440,242,243,234,242,242
1611428328.295259,333,329,341,442,242,242,234,242,237
1611428328.304834,341,333,346,436,241,244,235,242,242
1611428328.314932,338,333,344,438,244,241,229,242,242
1611428328.325439,340,333,340,438,242,244,234,243,242
1611428328.335158,338,333,341,440,243,242,234,240,240
1611428328.344756,341,336,347,442,243,242,234,243,237
1611428328.355204,333,333,338,437,242,244,234,243,243
1611428328.364977,340,333,340,440,242,242,234,242,242
1611428328.374867,340,333,344,440,242,244,229,241,242
1611428328.385053,336,336,342,442,243,240,229,242,242
1611428328.395022,336,333,344,437,242,244,234,242,242
1611428328.405048,338,336,336,440,241,243,235,242,242
1611428328.415286,338,333,336,438,243,242,234,244,242
1611428328.424803,338,333,341,441,242,245,235,242,242
1611428328.434678,338,333,344,442,237,241,234,241,242
1611428328.444852,340,336,344,442,238,241,234,242,241
1611428328.454947,337,330,341,442,242,242,234,242,238
1611428328.464972,338,336,342,440,243,242,234,244,237
1611428328.475178,333,333,343,438,242,244,234,237,242
1611428328.484904,338,336,344,438,241,240,233,242,243
1611428328.494891,340,331,342,442,242,244,234,242,238
1611428328.504863,337,333,343,437,242,237,232,241,242
1611428328.514928,340,336,342,436,244,237,232,243,242
1611428328.525164,337,330,340,432,242,244,234,241,242
1611428328.534883,337,333,341,430,242,242,233,244,241
1611428328.545119,338,330,337,436,242,244,234,241,243
1611428328.555147,338,331,344,438,242,244,229,241,242
1611428328.56542,338,333,336,437,242,242,234,244,241
1611428328.575034,341,331,344,437,241,242,234,242,242
1611428328.585495,336,333,344,433,242,242,234,242,237
1611428328.595677,338,333,343,440,242,244,234,238,240
1611428328.604774,341,336,344,442,244,244,229,242,239
1611428328.615319,338,333,344,437,244,241,229,241,242
1611428328.624988,336,330,341,438,243,243,234,243,237
1611428328.634939,338,333,344,432,242,243,233,243,242
1611428328.644733,338,336,344,440,237,241,234,241,241
1611428328.654865,338,336,340,440,241,243,234,242,242
1611428328.665211,338,336,344,442,242,239,233,242,242
1611428328.675099,338,334,342,442,238,241,234,244,242
1611428328.685286,338,333,342,440,237,242,234,242,241
1611428328.694724,337,333,344,440,243,245,234,237,241
1611428328.705055,336,333,340,438,242,244,234,241,241
1611428328.715039,337,333,342,438,241,242,234,242,242
1611428328.725363,338,336,343,438,240,242,234,243,242
1611428328.734681,336,336,342,439,244,243,234,239,240
1611428328.744983,337,330,342,440,243,244,234,242,238
1611428328.754975,338,331,336,437,241,243,234,242,242
1611428328.764937,338,333,344,437,242,244,234,243,242
1611428328.775159,338,326,342,434,241,242,234,243,241
1611428328.785439,340,331,341,438,242,244,234,242,242
1611428328.795161,336,327,343,437,242,244,234,242,237
1611428328.805185,337,336,343,434,242,242,233,243,242
1611428328.81525,333,330,344,438,242,244,234,238,240
1611428328.825033,336,327,340,437,242,243,233,242,242
1611428328.835049,337,333,344,439,237,242,233,240,240
1611428328.844966,338,329,338,438,242,244,233,243,241
1611428328.8551,341,328,341,437,242,244,229,241,242
1611428328.86533,337,330,336,436,242,242,234,243,240
1611428328.875322,336,325,337,437,243,242,234,242,237
1611428328.88526,328,330,342,437,242,238,232,242,242
1611428328.895154,337,330,336,437,241,243,234,241,242
1611428328.904884,336,330,342,437,242,238,232,241,242
1611428328.914818,337,331,333,437,242,242,234,243,242
1611428328.924833,337,330,342,438,242,243,229,237,242
1611428328.93529,336,331,341,438,239,241,233,242,241
1611428328.944989,336,333,341,436,242,242,228,242,240
1611428328.955178,333,332,341,437,237,239,232,242,240
1611428328.964826,331,328,341,430,239,241,229,241,241
1611428328.975437,330,328,338,432,237,237,229,239,239
1611428328.985032,322,328,336,430,235,237,227,239,237
1611428328.994859,322,326,325,427,230,234,228,237,234
1611428329.004682,317,322,328,424,226,231,225,234,229
1611428329.015082,312,317,322,416,225,229,221,232,229
1611428329.024811,306,318,320,416,219,226,219,230,223
1611428329.034748,299,314,314,408,213,222,218,227,220
1611428329.044915,296,310,316,402,210,218,214,224,218
1611428329.05481,290,310,308,394,205,213,211,222,215
1611428329.065004,282,309,303,389,199,210,208,221,210
1611428329.074995,272,306,298,386,193,205,205,218,205
1611428329.085146,246,301,296,384,186,202,203,213,201
1611428329.095081,188,299,293,384,167,197,199,211,196
1611428329.104887,123,294,293,373,141,194,196,205,190
1611428329.114925,117,293,290,373,108,186,191,203,171
1611428329.124905,130,294,291,374,77,170,189,200,138
1611428329.134904,148,292,288,372,65,148,187,196,102
1611428329.145078,160,292,288,372,62,126,182,193,79
1611428329.155311,170,290,285,373,59,110,181,189,70
1611428329.165084,176,292,288,372,59,98,178,185,67
1611428329.175108,178,290,283,374,58,94,178,179,61
1611428329.184957,173,288,282,370,58,94,178,173,58
1611428329.194961,165,288,277,368,57,97,175,168,56
1611428329.205406,157,281,272,366,57,106,178,167,56
1611428329.215129,148,276,265,366,57,112,177,168,55
1611428329.224997,134,272,256,362,57,122,177,175,56
1611428329.234827,122,262,225,362,58,128,178,182,58
1611428329.244988,110,258,181,355,58,136,178,186,60
1611428329.255123,98,256,129,354,59,143,176,189,63
1611428329.265147,92,256,97,344,60,150,178,190,67
1611428329.274848,89,256,85,341,61,155,178,192,69
1611428329.285006,88,256,80,331,61,157,178,191,76
1611428329.294885,88,256,77,319,62,161,178,193,82
1611428329.305015,87,256,72,312,62,163,180,193,85
1611428329.31479,86,256,68,304,61,165,181,194,87
1611428329.324895,85,259,62,308,61,165,179,195,85
1611428329.335027,82,261,55,310,60,166,181,195,82
1611428329.345226,80,265,50,315,59,168,181,197,80
1611428329.355018,78,266,44,314,59,169,181,198,80
1611428329.365528,80,269,47,316,61,170,181,198,82
1611428329.375022,77,272,46,320,61,171,182,197,81
1611428329.384639,77,274,51,338,62,170,182,199,75
1611428329.394904,76,280,61,355,60,170,182,198,63
1611428329.405097,78,292,138,360,61,171,183,198,52
1611428329.415071,77,292,226,369,61,170,183,197,45
1611428329.425093,77,296,269,371,60,168,183,197,38
1611428329.435171,101,301,294,384,57,140,182,196,34
1611428329.445017,180,301,302,389,50,55,182,201,88
1611428329.45467,224,304,302,386,47,39,181,205,165
1611428329.465052,248,302,304,389,48,33,178,208,188
1611428329.47527,259,302,305,389,51,45,179,211,197
1611428329.485225,259,296,298,384,65,91,177,205,197
1611428329.495182,261,298,297,384,82,125,178,207,197
1611428329.505679,263,298,298,384,93,142,179,210,199
1611428329.515287,264,296,298,384,101,153,178,208,199
1611428329.525273,261,298,298,384,106,161,180,209,201
1611428329.535187,264,294,298,384,112,166,182,208,201
1611428329.545147,262,296,298,384,117,168,181,209,200
1611428329.555068,263,296,298,384,116,169,182,209,202
1611428329.564842,266,298,299,384,117,171,184,209,201
1611428329.575413,264,298,300,384,116,173,182,209,202
1611428329.584965,264,296,298,384,114,174,186,209,201
1611428329.59508,264,297,298,385,111,176,186,209,202
1611428329.605017,267,297,299,389,108,178,189,210,202
1611428329.6153,266,298,299,391,106,181,191,210,201
1611428329.625091,266,298,298,392,102,183,193,213,202
1611428329.635373,267,298,301,394,103,187,197,213,201
1611428329.645141,272,301,302,392,121,192,198,214,204
1611428329.654739,272,301,304,392,160,198,200,215,206
1611428329.664908,272,304,301,394,183,201,201,217,208
1611428329.674959,274,302,305,394,189,205,202,216,210
1611428329.685004,278,303,304,394,195,205,203,218,212
1611428329.694897,285,302,306,394,200,208,205,219,213
1611428329.705266,289,306,310,400,202,210,209,222,217
1611428329.715314,293,310,312,405,205,214,213,225,218
1611428329.724946,298,318,316,408,209,219,217,229,221
1611428329.734953,302,318,321,411,214,226,219,229,226
1611428329.74528,310,320,324,417,221,226,220,230,227
1611428329.755173,314,318,327,418,225,229,222,230,229
1611428329.765013,318,318,330,421,227,229,224,235,233
1611428329.775438,324,322,331,426,229,235,227,232,234
1611428329.784927,326,328,333,424,233,236,227,237,237
1611428329.795034,328,325,327,429,236,237,228,238,237
1611428329.804747,330,328,336,430,237,238,229,238,238
1611428329.814798,330,328,336,430,234,237,229,238,239
1611428329.825189,332,327,336,424,238,238,229,238,239
1611428329.835067,330,325,336,429,236,238,230,238,238
1611428329.845039,333,326,336,426,237,239,230,238,239
1611428329.854761,330,322,336,427,239,239,229,238,234
1611428329.86491,331,325,336,429,237,239,230,237,238
1611428329.875105,330,326,336,429,239,238,229,238,234
1611428329.88502,330,323,336,433,239,238,229,238,234
1611428329.895102,328,328,337,429,239,234,227,238,238
1611428329.905218,331,328,326,429,238,238,229,238,238
1611428329.915182,333,326,336,426,237,238,231,237,238
1611428329.925173,325,326,331,426,238,238,229,239,238
1611428329.934874,330,325,336,426,238,239,229,238,234
1611428329.944796,330,325,337,432,239,239,229,235,237
1611428329.954945,330,325,336,432,234,237,230,237,238
1611428329.965065,325,327,337,430,238,239,226,237,239
1611428329.974885,330,326,334,424,237,237,229,238,238
1611428329.985156,330,325,330,432,237,238,230,237,239
1611428329.995151,333,325,333,430,238,238,229,237,235
1611428330.005156,330,326,331,432,238,238,229,239,237
1611428330.014974,333,325,337,434,237,237,230,237,238
1611428330.024826,331,325,337,433,238,239,228,235,238
1611428330.035089,331,328,336,424,237,239,229,238,238
1611428330.044707,331,325,336,437,237,239,229,235,234
1611428330.054932,333,327,336,434,233,237,230,237,237
1611428330.06495,330,325,330,429,237,238,230,237,238
1611428330.075009,325,325,336,432,238,239,230,234,237
1611428330.084934,324,322,336,430,237,235,229,238,239
1611428330.09486,330,326,333,430,239,234,228,237,237
1611428330.105227,330,322,333,429,239,239,230,238,237
1611428330.115106,331,326,336,427,236,238,230,238,238
1611428330.124852,330,325,336,432,234,236,229,238,238
1611428330.135358,330,325,330,426,238,239,229,238,239
1611428330.145123,330,320,333,428,238,239,230,237,237
1611428330.155164,330,326,333,425,238,238,229,238,238
1611428330.164811,330,325,336,426,237,239,230,237,238
1611428330.175089,333,320,336,429,237,239,231,237,234
1611428330.185205,328,326,336,433,238,234,227,238,237
1611428330.1949,330,326,336,432,234,238,231,238,238
1611428330.205118,330,328,328,427,238,240,230,238,239
1611428330.215056,329,325,336,430,235,237,230,239,238
1611428330.22483,328,325,336,432,238,237,230,238,237
1611428330.234882,328,325,333,424,238,238,230,239,238
1611428330.245402,330,325,336,429,238,240,230,235,238
1611428330.254988,331,325,336,427,236,239,232,238,238
1611428330.264775,330,325,336,429,239,239,226,237,239
1611428330.274916,330,325,328,429,238,239,231,239,238
1611428330.284643,328,325,336,433,239,239,228,237,237
1611428330.294856,331,326,336,432,235,237,230,239,239
1611428330.304653,331,326,336,430,240,239,230,235,237
1611428330.31489,331,325,336,430,235,238,232,238,238
1611428330.325049,331,320,333,432,237,240,232,238,235
1611428330.33487,331,325,336,432,238,240,232,234,237
1611428330.344888,333,328,336,432,237,237,229,239,239
1611428330.3546,326,325,336,434,238,235,228,238,238
1611428330.36463,332,325,333,432,238,239,232,238,239
1611428330.375004,331,324,336,432,240,240,226,238,238
1611428330.38488,330,325,338,432,239,240,230,239,238
1611428330.394917,325,328,336,432,240,240,228,238,239
1611428330.40491,330,326,336,434,237,238,232,239,239
1611428330.415509,328,326,336,430,239,241,232,234,238
1611428330.425263,330,325,336,430,239,235,230,239,240
1611428330.434973,330,327,336,431,238,240,232,237,237
1611428330.445109,331,325,333,429,238,240,232,238,239
1611428330.45505,333,325,336,429,240,241,232,235,239
1611428330.464849,333,326,336,429,239,241,231,239,237
1611428330.475165,333,325,331,429,240,241,231,239,239
1611428330.485087,325,328,331,429,238,238,232,238,240
1611428330.495142,330,322,336,432,238,241,232,238,236
1611428330.505278,328,328,336,430,240,241,227,238,239
1611428330.515372,331,326,336,432,240,239,231,237,238
1611428330.525017,333,325,337,432,240,241,231,235,239
1611428330.534904,330,321,336,427,239,240,230,238,235
1611428330.54485,331,320,336,429,237,239,232,237,234
1611428330.554755,330,320,332,430,237,239,231,237,239
1611428330.56471,330,320,336,432,238,238,230,238,237
1611428330.574821,325,325,336,427,234,238,230,238,238
1611428330.585151,329,326,336,427,237,239,230,237,237
1611428330.594803,330,325,336,429,234,234,231,238,238
1611428330.605227,331,324,333,429,238,237,230,238,234
1611428330.615148,329,325,336,429,234,240,230,234,237
1611428330.625407,330,328,336,426,237,236,227,238,235
1611428330.634692,330,325,336,429,239,240,229,235,238
1611428330.645008,331,323,330,430,237,238,230,237,238
1611428330.654668,330,322,336,429,238,239,230,237,237
1611428330.66508,330,325,336,427,238,240,230,237,239
1611428330.675174,328,322,331,429,238,238,230,239,236
1611428330.685118,331,326,336,424,237,238,231,238,237
1611428330.695153,330,325,330,427,238,239,229,238,239
1611428330.705164,330,325,331,427,237,240,232,238,239
1611428330.715212,330,327,336,429,238,241,231,235,239
1611428330.725243,330,325,336,424,237,237,231,237,238
1611428330.735113,330,325,333,430,238,239,232,238,234
1611428330.745145,330,326,336,429,238,238,232,239,238
1611428330.755265,330,326,336,429,239,235,228,237,239
1611428330.765239,330,328,336,429,238,239,232,239,235
1611428330.774974,330,324,336,432,239,239,232,235,237
1611428330.784975,325,328,336,429,239,239,231,238,237
1611428330.795161,325,324,336,429,237,238,230,238,240
1611428330.804956,328,325,336,429,238,239,230,240,239
1611428330.815192,325,325,337,426,238,239,227,237,238
1611428330.825061,330,326,336,432,235,237,231,238,238
1611428330.835148,330,323,336,432,240,240,230,239,235
1611428330.845293,333,326,336,426,235,240,232,238,239
1611428330.854942,330,326,337,426,237,240,232,238,239
1611428330.865259,331,328,337,430,238,238,228,237,239
1611428330.874804,333,326,336,430,240,239,226,239,238
1611428330.885008,331,325,336,432,240,239,226,238,238
1611428330.89517,331,325,336,430,238,237,230,238,238
1611428330.90587,331,325,336,430,239,238,232,239,234
1611428330.914837,324,328,338,432,239,239,231,236,238
1611428330.924705,330,326,337,432,238,237,229,239,239
1611428330.934706,336,326,338,427,237,240,233,238,239
1611428330.945061,332,328,337,434,237,237,231,238,239
1611428330.955222,328,320,333,429,238,240,233,238,237
1611428330.965037,330,321,330,428,236,236,232,239,239
1611428330.975394,328,324,331,429,238,240,232,238,239
1611428330.985174,327,321,328,427,235,235,232,239,238
1611428330.99491,332,328,330,433,239,239,232,239,239
1611428331.004836,331,325,336,432,236,235,232,239,238
1611428331.015195,328,328,330,430,239,239,232,240,238
1611428331.02482,331,328,338,424,235,237,229,239,238
1611428331.03472,330,328,336,429,239,238,228,238,239
1611428331.044852,330,325,338,433,239,235,230,238,239
1611428331.055135,330,322,336,424,239,239,231,240,238
1611428331.065125,333,326,337,432,238,238,232,238,240
1611428331.075147,330,329,336,432,240,240,232,239,238
1611428331.085044,330,328,338,434,234,239,233,238,239
1611428331.095111,332,327,336,430,240,237,228,238,240
1611428331.105018,333,326,336,436,235,238,229,239,239
1611428331.115281,324,326,327,430,240,239,232,238,239
1611428331.124788,330,325,336,424,237,240,233,238,240
1611428331.134786,331,328,336,429,238,239,232,240,238
1611428331.144944,330,326,336,429,239,240,232,239,239
1611428331.154594,330,325,333,432,237,237,233,238,237
1611428331.164938,329,326,336,430,239,241,233,236,237
1611428331.17486,323,325,336,429,239,239,226,236,238
1611428331.185226,328,328,337,426,238,241,232,239,240
1611428331.195191,333,326,336,426,237,239,232,240,238
1611428331.204948,329,325,336,431,239,241,226,238,240
1611428331.214897,328,325,336,433,240,237,227,239,238
1611428331.224772,331,325,336,434,241,235,229,239,239
1611428331.23492,333,326,337,432,239,240,231,239,237
1611428331.244787,331,328,338,434,240,237,230,238,239
1611428331.255623,327,330,340,437,239,235,228,239,238
1611428331.265038,331,330,341,437,234,235,232,239,238
1611428331.274645,333,325,336,434,240,239,231,239,235
1611428331.284823,333,331,341,438,237,238,232,238,234
1611428331.294853,338,330,340,434,239,239,232,238,238
1611428331.305084,336,330,341,437,234,235,232,239,238
1611428331.314818,336,330,340,429,237,240,232,237,239
1611428331.325006,331,330,338,433,238,238,230,235,237
1611428331.33479,330,328,338,432,238,240,227,237,239
1611428331.345081,333,329,336,434,239,239,230,239,235
1611428331.355292,336,328,336,437,237,239,230,239,239
1611428331.365226,331,330,341,438,238,240,227,237,238
1611428331.375179,337,330,336,432,237,239,227,234,238
1611428331.385308,333,327,338,436,234,238,232,238,239
1611428331.395213,329,330,337,436,239,239,225,238,238
1611428331.405168,333,330,338,429,237,238,229,238,239
1611428331.414927,331,326,338,429,239,239,231,239,239
1611428331.425531,330,328,338,434,239,240,225,238,239
1611428331.434808,333,330,337,434,234,237,228,237,237
1611428331.445093,333,328,337,432,238,238,229,238,237
1611428331.455001,331,325,333,434,239,238,232,237,239
1611428331.464893,333,328,337,429,237,238,232,239,239
1611428331.474877,336,327,337,434,238,239,232,238,238
1611428331.485067,333,330,338,427,237,239,232,238,239
1611428331.495066,333,329,336,433,239,236,229,239,239
1611428331.504865,333,328,336,432,238,240,232,238,239
1611428331.514798,333,328,331,432,239,239,232,239,238
1611428331.524858,332,326,337,430,237,239,231,238,239
1611428331.53506,333,330,333,432,240,239,227,238,238
1611428331.545341,333,329,337,434,240,235,226,237,239
1611428331.555122,333,329,336,430,238,240,231,239,239
1611428331.564852,332,330,336,430,239,241,231,236,239
1611428331.575138,333,330,336,434,240,238,226,238,239
1611428331.584566,333,322,337,433,239,241,231,240,237
1611428331.59508,329,325,336,434,238,241,232,235,237
1611428331.605009,333,325,336,429,239,240,231,239,236
1611428331.615032,330,328,338,433,238,239,232,239,239
1611428331.625017,330,325,336,430,240,235,227,239,235
1611428331.634585,333,328,330,434,234,239,230,239,239
1611428331.645432,336,326,333,432,238,240,232,239,238
1611428331.655219,333,325,337,434,238,239,228,237,238
1611428331.665152,326,327,336,433,237,239,227,238,239
1611428331.674773,331,328,337,434,234,238,232,240,238
1611428331.684935,328,326,336,433,235,237,230,240,239
1611428331.695252,331,327,341,432,235,239,232,239,239
1611428331.704752,330,323,336,433,241,240,232,240,235
1611428331.714843,331,329,336,432,239,236,230,239,238
1611428331.725079,330,328,336,434,234,239,233,238,239
1611428331.734657,328,329,336,429,239,236,230,238,239
1611428331.745184,335,328,338,424,239,240,231,239,241
1611428331.755366,336,329,336,429,238,238,232,240,239
1611428331.765135,331,328,333,429,238,239,232,240,239
1611428331.775136,333,325,337,430,238,241,233,235,238
1611428331.784832,328,325,336,432,239,239,232,241,234
1611428331.795167,330,329,337,433,240,234,230,239,238
1611428331.80485,336,325,336,432,238,240,233,240,234
1611428331.814633,336,330,330,432,236,239,231,239,241
1611428331.825262,333,326,338,436,239,239,229,238,238
1611428331.835137,328,323,336,434,239,240,233,237,237
1611428331.844812,330,330,333,430,239,241,232,238,239
1611428331.855504,333,328,337,434,239,240,231,237,239
1611428331.865599,336,330,336,432,238,239,232,239,240
1611428331.876163,333,330,338,432,239,235,232,240,238
1611428331.886953,333,329,336,434,238,240,233,238,239
1611428331.896343,333,328,336,433,239,240,232,238,239
1611428331.906177,331,328,336,432,238,239,232,238,238
1611428331.91645,331,328,336,434,237,239,231,237,239
1611428331.925448,333,330,340,436,235,239,229,240,239
1611428331.935688,332,326,336,433,240,237,230,239,240
1611428331.945681,336,330,336,434,237,241,229,236,239
1611428331.954913,336,331,338,437,237,241,232,238,239
1611428331.966253,333,320,336,432,239,241,227,236,238
1611428331.976077,333,328,336,434,240,241,230,237,238
1611428331.986918,336,325,336,432,238,241,230,235,237
